 1 4
 2 5
 3 1014
 4 2140
 5 2225
 6 2280
 7 2299
 8 2351
 9 2324
 10 2215
 11 2162
 12 2139
 13 2076
 14 2060
 15 1970
 16 1893
 17 1852
 18 1845
 19 1901
 20 1927
 21 1906
 22 1782
 23 1852
 24 1791
 25 1809
 26 1848
 27 1806
 28 1740
 29 1753
 30 1695
 31 1673
 32 1735
 33 1629
 34 1680
 35 1614
 36 1614
 37 1626
 38 1569
 39 1651
 40 1576
 41 1555
 42 1538
 43 1601
 44 1458
 45 1574
 46 1470
 47 1521
 48 1469
 49 1420
 50 1425
 51 1417
 52 1442
 53 1350
 54 1335
 55 1400
 56 1401
 57 1364
 58 1374
 59 1358
 60 1304
 61 1310
 62 1325
 63 1252
 64 1249
 65 1294
 66 1238
 67 1225
 68 1204
 69 1173
 70 1196
 71 1264
 72 1161
 73 1179
 74 1182
 75 1116
 76 1185
 77 1097
 78 1190
 79 1134
 80 1143
 81 1126
 82 1111
 83 1086
 84 1106
 85 1029
 86 1075
 87 1017
 88 1073
 89 1079
 90 1059
 91 1023
 92 1052
 93 984
 94 1012
 95 953
 96 1006
 97 974
 98 970
 99 955
 100 924
 101 913
 102 922
 103 1008
 104 922
 105 906
 106 930
 107 965
 108 983
 109 935
 110 902
 111 965
 112 884
 113 870
 114 857
 115 855
 116 938
 117 902
 118 865
 119 911
 120 843
 121 843
 122 809
 123 847
 124 814
 125 874
 126 838
 127 802
 128 776
 129 786
 130 837
 131 798
 132 793
 133 773
 134 775
 135 833
 136 756
 137 835
 138 721
 139 767
 140 805
 141 755
 142 765
 143 749
 144 750
 145 747
 146 779
 147 740
 148 760
 149 762
 150 776
 151 774
 152 721
 153 717
 154 764
 155 732
 156 771
 157 680
 158 767
 159 769
 160 689
 161 730
 162 743
 163 727
 164 732
 165 717
 166 738
 167 716
 168 777
 169 724
 170 695
 171 797
 172 742
 173 759
 174 744
 175 810
 176 784
 177 817
 178 726
 179 756
 180 745
 181 732
 182 714
 183 746
 184 795
 185 752
 186 772
 187 840
 188 781
 189 814
 190 742
 191 825
 192 800
 193 851
 194 831
 195 841
 196 843
 197 835
 198 856
 199 844
 200 840
 201 893
 202 891
 203 921
 204 902
 205 912
 206 905
 207 901
 208 941
 209 957
 210 980
 211 1000
 212 986
 213 978
 214 1033
 215 1013
 216 1017
 217 1079
 218 1044
 219 1081
 220 1057
 221 1094
 222 1158
 223 1204
 224 1131
 225 1178
 226 1196
 227 1253
 228 1337
 229 1359
 230 1404
 231 1408
 232 1470
 233 1464
 234 1516
 235 1496
 236 1561
 237 1685
 238 1635
 239 1814
 240 1840
 241 1878
 242 1978
 243 2089
 244 2144
 245 2214
 246 2324
 247 2401
 248 2667
 249 2734
 250 2693
 251 3036
 252 3188
 253 3360
 254 3603
 255 3656
 256 3868
 257 3984
 258 4163
 259 4455
 260 4515
 261 4595
 262 4807
 263 4822
 264 4919
 265 5115
 266 5215
 267 5175
 268 5225
 269 5186
 270 5296
 271 5130
 272 5152
 273 4986
 274 4895
 275 4789
 276 4585
 277 4396
 278 4236
 279 3990
 280 3782
 281 3660
 282 3400
 283 3090
 284 2925
 285 2740
 286 2534
 287 2278
 288 2058
 289 1874
 290 1695
 291 1595
 292 1438
 293 1303
 294 1204
 295 1068
 296 968
 297 839
 298 807
 299 674
 300 609
 301 588
 302 514
 303 462
 304 424
 305 407
 306 349
 307 349
 308 341
 309 261
 310 275
 311 275
 312 215
 313 220
 314 167
 315 190
 316 170
 317 170
 318 179
 319 153
 320 136
 321 123
 322 110
 323 127
 324 97
 325 102
 326 111
 327 100
 328 96
 329 111
 330 93
 331 63
 332 80
 333 71
 334 64
 335 58
 336 57
 337 58
 338 53
 339 49
 340 62
 341 43
 342 42
 343 51
 344 37
 345 35
 346 44
 347 52
 348 43
 349 30
 350 34
 351 24
 352 33
 353 26
 354 28
 355 27
 356 26
 357 23
 358 28
 359 32
 360 29
 361 24
 362 12
 363 15
 364 18
 365 25
 366 16
 367 15
 368 23
 369 10
 370 15
 371 11
 372 14
 373 9
 374 18
 375 12
 376 8
 377 8
 378 11
 379 12
 380 8
 381 7
 382 9
 383 15
 384 5
 385 4
 386 8
 387 5
 388 9
 389 12
 390 9
 391 8
 392 7
 393 4
 394 4
 395 9
 396 5
 397 2
 398 9
 399 3
 400 4
 401 2
 402 3
 403 3
 404 2
 405 2
 406 2
 407 1
 408 1
 409 3
 410 4
 411 2
 412 3
 413 4
 414 5
 415 5
 416 1
 417 1
 418 0
 419 0
 420 3
 421 3
 422 0
 423 0
 424 1
 425 3
 426 3
 427 1
 428 1
 429 1
 430 1
 431 1
 432 1
 433 0
 434 0
 435 2
 436 0
 437 3
 438 0
 439 2
 440 0
 441 2
 442 0
 443 2
 444 0
 445 3
 446 0
 447 1
 448 0
 449 2
 450 0
 451 1
 452 0
 453 1
 454 1
 455 2
 456 1
 457 0
 458 0
 459 2
 460 2
 461 0
 462 0
 463 0
 464 2
 465 2
 466 0
 467 0
 468 0
 469 0
 470 0
 471 0
 472 2
 473 0
 474 0
 475 0
 476 0
 477 0
 478 0
 479 1
 480 0
 481 0
 482 0
 483 0
 484 1
 485 0
 486 1
 487 1
 488 1
 489 2
 490 2
 491 0
 492 1
 493 2
 494 0
 495 1
 496 1
 497 0
 498 0
 499 1
 500 1
 501 1
 502 0
 503 0
 504 0
 505 0
 506 0
 507 0
 508 0
 509 0
 510 0
 511 0
 512 5

