 1 4
 2 1
 3 954
 4 2284
 5 2180
 6 2229
 7 2166
 8 2191
 9 2036
 10 2057
 11 1903
 12 1928
 13 1833
 14 1775
 15 1681
 16 1645
 17 1633
 18 1589
 19 1582
 20 1505
 21 1488
 22 1464
 23 1434
 24 1366
 25 1366
 26 1356
 27 1394
 28 1292
 29 1323
 30 1277
 31 1171
 32 1267
 33 1273
 34 1235
 35 1214
 36 1197
 37 1178
 38 1082
 39 1177
 40 1185
 41 1163
 42 1049
 43 1042
 44 1025
 45 1074
 46 1007
 47 1061
 48 1044
 49 1008
 50 988
 51 979
 52 1017
 53 1017
 54 972
 55 972
 56 931
 57 1011
 58 999
 59 1031
 60 1001
 61 1002
 62 1026
 63 1031
 64 1042
 65 1047
 66 1077
 67 1075
 68 1090
 69 1151
 70 1057
 71 1119
 72 1165
 73 1293
 74 1239
 75 1288
 76 1369
 77 1350
 78 1434
 79 1461
 80 1524
 81 1523
 82 1578
 83 1682
 84 1661
 85 1739
 86 1724
 87 1809
 88 1914
 89 1995
 90 2082
 91 2145
 92 2064
 93 2092
 94 2196
 95 2111
 96 2168
 97 2137
 98 2003
 99 2045
 100 1911
 101 1889
 102 1895
 103 1825
 104 1705
 105 1662
 106 1492
 107 1429
 108 1358
 109 1263
 110 1180
 111 1059
 112 909
 113 909
 114 884
 115 753
 116 738
 117 635
 118 587
 119 531
 120 545
 121 500
 122 473
 123 434
 124 434
 125 395
 126 386
 127 324
 128 321
 129 280
 130 296
 131 277
 132 278
 133 281
 134 252
 135 232
 136 223
 137 247
 138 200
 139 210
 140 232
 141 212
 142 197
 143 188
 144 194
 145 196
 146 166
 147 163
 148 158
 149 171
 150 138
 151 182
 152 137
 153 151
 154 139
 155 151
 156 122
 157 140
 158 138
 159 130
 160 113
 161 123
 162 86
 163 82
 164 94
 165 88
 166 93
 167 116
 168 107
 169 93
 170 106
 171 92
 172 70
 173 82
 174 91
 175 84
 176 89
 177 79
 178 71
 179 73
 180 80
 181 67
 182 58
 183 51
 184 61
 185 63
 186 56
 187 60
 188 51
 189 55
 190 69
 191 59
 192 46
 193 57
 194 53
 195 48
 196 49
 197 51
 198 51
 199 41
 200 40
 201 48
 202 44
 203 38
 204 44
 205 38
 206 39
 207 32
 208 44
 209 36
 210 38
 211 32
 212 42
 213 41
 214 24
 215 24
 216 29
 217 36
 218 39
 219 25
 220 27
 221 30
 222 36
 223 28
 224 26
 225 25
 226 28
 227 19
 228 21
 229 25
 230 24
 231 25
 232 18
 233 26
 234 19
 235 29
 236 22
 237 14
 238 22
 239 23
 240 18
 241 14
 242 23
 243 20
 244 17
 245 24
 246 18
 247 14
 248 20
 249 22
 250 15
 251 27
 252 11
 253 11
 254 15
 255 8
 256 11
 257 13
 258 21
 259 14
 260 6
 261 7
 262 9
 263 10
 264 9
 265 6
 266 13
 267 6
 268 10
 269 8
 270 5
 271 6
 272 6
 273 10
 274 8
 275 11
 276 3
 277 6
 278 9
 279 8
 280 6
 281 6
 282 7
 283 6
 284 6
 285 6
 286 7
 287 1
 288 4
 289 4
 290 2
 291 7
 292 7
 293 6
 294 4
 295 5
 296 4
 297 7
 298 3
 299 3
 300 1
 301 5
 302 5
 303 5
 304 1
 305 3
 306 4
 307 6
 308 3
 309 4
 310 4
 311 3
 312 4
 313 2
 314 2
 315 2
 316 4
 317 6
 318 2
 319 0
 320 9
 321 3
 322 3
 323 4
 324 4
 325 4
 326 5
 327 1
 328 1
 329 1
 330 3
 331 5
 332 2
 333 0
 334 3
 335 4
 336 3
 337 3
 338 5
 339 5
 340 1
 341 2
 342 2
 343 0
 344 0
 345 0
 346 1
 347 1
 348 1
 349 1
 350 2
 351 3
 352 0
 353 1
 354 0
 355 0
 356 1
 357 0
 358 0
 359 0
 360 1
 361 0
 362 2
 363 0
 364 1
 365 0
 366 1
 367 1
 368 0
 369 2
 370 1
 371 0
 372 2
 373 0
 374 2
 375 1
 376 0
 377 0
 378 2
 379 1
 380 2
 381 0
 382 0
 383 0
 384 1
 385 2
 386 1
 387 0
 388 1
 389 0
 390 0
 391 0
 392 0
 393 0
 394 0
 395 0
 396 0
 397 0
 398 0
 399 0
 400 0
 401 0
 402 0
 403 0
 404 0
 405 0
 406 0
 407 0
 408 2
 409 0
 410 1
 411 1
 412 2
 413 0
 414 0
 415 0
 416 0
 417 0
 418 0
 419 0
 420 0
 421 1
 422 0
 423 0
 424 0
 425 0
 426 0
 427 0
 428 0
 429 0
 430 0
 431 0
 432 0
 433 0
 434 0
 435 1
 436 0
 437 0
 438 0
 439 1
 440 0
 441 0
 442 0
 443 0
 444 0
 445 0
 446 0
 447 0
 448 0
 449 0
 450 0
 451 0
 452 0
 453 0
 454 0
 455 0
 456 0
 457 0
 458 0
 459 0
 460 1
 461 0
 462 0
 463 0
 464 0
 465 0
 466 0
 467 0
 468 0
 469 0
 470 0
 471 1
 472 1
 473 0
 474 0
 475 0
 476 0
 477 0
 478 0
 479 0
 480 0
 481 0
 482 0
 483 0
 484 0
 485 0
 486 1
 487 1
 488 0
 489 1
 490 1
 491 0
 492 0
 493 0
 494 0
 495 0
 496 0
 497 0
 498 0
 499 0
 500 0
 501 0
 502 0
 503 0
 504 0
 505 0
 506 0
 507 0
 508 0
 509 0
 510 1
 511 1
 512 4

