 1 6
 2 5
 3 940
 4 2210
 5 2290
 6 2172
 7 2194
 8 2211
 9 2256
 10 2051
 11 2042
 12 1995
 13 1881
 14 1872
 15 1805
 16 1741
 17 1704
 18 1782
 19 1678
 20 1621
 21 1556
 22 1597
 23 1553
 24 1527
 25 1478
 26 1437
 27 1441
 28 1349
 29 1420
 30 1369
 31 1426
 32 1324
 33 1322
 34 1309
 35 1265
 36 1270
 37 1274
 38 1218
 39 1233
 40 1186
 41 1178
 42 1115
 43 1185
 44 1081
 45 1142
 46 1075
 47 1039
 48 1020
 49 1000
 50 1038
 51 993
 52 1014
 53 960
 54 964
 55 955
 56 924
 57 922
 58 914
 59 934
 60 927
 61 883
 62 888
 63 910
 64 842
 65 855
 66 807
 67 809
 68 823
 69 825
 70 845
 71 829
 72 770
 73 779
 74 780
 75 762
 76 830
 77 767
 78 816
 79 817
 80 729
 81 753
 82 831
 83 806
 84 762
 85 742
 86 781
 87 718
 88 731
 89 765
 90 779
 91 748
 92 741
 93 747
 94 749
 95 744
 96 776
 97 791
 98 706
 99 759
 100 810
 101 798
 102 788
 103 755
 104 736
 105 723
 106 813
 107 774
 108 836
 109 819
 110 848
 111 832
 112 845
 113 849
 114 860
 115 924
 116 839
 117 943
 118 947
 119 973
 120 954
 121 1021
 122 1047
 123 1093
 124 1099
 125 1123
 126 1149
 127 1163
 128 1185
 129 1245
 130 1285
 131 1374
 132 1362
 133 1530
 134 1539
 135 1572
 136 1690
 137 1737
 138 1825
 139 1959
 140 2008
 141 2106
 142 2194
 143 2352
 144 2392
 145 2531
 146 2615
 147 2671
 148 2788
 149 2828
 150 2902
 151 2990
 152 3040
 153 2984
 154 2969
 155 2850
 156 2915
 157 2900
 158 2786
 159 2639
 160 2461
 161 2440
 162 2253
 163 2245
 164 2026
 165 1838
 166 1769
 167 1719
 168 1501
 169 1371
 170 1261
 171 1181
 172 1019
 173 909
 174 845
 175 772
 176 724
 177 649
 178 631
 179 562
 180 495
 181 463
 182 396
 183 379
 184 348
 185 346
 186 316
 187 322
 188 276
 189 249
 190 217
 191 218
 192 221
 193 222
 194 186
 195 193
 196 175
 197 181
 198 160
 199 132
 200 175
 201 143
 202 150
 203 146
 204 134
 205 135
 206 113
 207 112
 208 113
 209 119
 210 94
 211 99
 212 100
 213 95
 214 93
 215 87
 216 74
 217 68
 218 72
 219 72
 220 67
 221 77
 222 66
 223 56
 224 67
 225 77
 226 60
 227 56
 228 64
 229 65
 230 49
 231 61
 232 46
 233 54
 234 51
 235 48
 236 48
 237 51
 238 37
 239 42
 240 42
 241 33
 242 47
 243 41
 244 39
 245 35
 246 42
 247 40
 248 23
 249 36
 250 29
 251 33
 252 29
 253 27
 254 27
 255 25
 256 25
 257 19
 258 35
 259 27
 260 19
 261 28
 262 23
 263 20
 264 28
 265 18
 266 14
 267 20
 268 23
 269 20
 270 15
 271 19
 272 17
 273 23
 274 16
 275 23
 276 18
 277 16
 278 22
 279 14
 280 12
 281 6
 282 14
 283 8
 284 6
 285 10
 286 11
 287 10
 288 12
 289 13
 290 7
 291 9
 292 9
 293 11
 294 5
 295 10
 296 10
 297 4
 298 10
 299 7
 300 6
 301 3
 302 7
 303 6
 304 8
 305 6
 306 6
 307 5
 308 5
 309 7
 310 8
 311 6
 312 4
 313 8
 314 7
 315 2
 316 3
 317 11
 318 0
 319 5
 320 0
 321 2
 322 3
 323 5
 324 6
 325 5
 326 2
 327 1
 328 3
 329 6
 330 7
 331 5
 332 1
 333 4
 334 4
 335 1
 336 2
 337 0
 338 5
 339 3
 340 3
 341 0
 342 4
 343 2
 344 0
 345 1
 346 5
 347 3
 348 0
 349 1
 350 2
 351 2
 352 2
 353 2
 354 2
 355 1
 356 3
 357 0
 358 0
 359 1
 360 4
 361 0
 362 0
 363 0
 364 2
 365 2
 366 2
 367 0
 368 3
 369 2
 370 0
 371 1
 372 0
 373 0
 374 2
 375 0
 376 0
 377 1
 378 0
 379 0
 380 0
 381 0
 382 1
 383 2
 384 1
 385 1
 386 1
 387 0
 388 0
 389 1
 390 1
 391 1
 392 0
 393 0
 394 0
 395 0
 396 0
 397 1
 398 0
 399 0
 400 0
 401 0
 402 0
 403 0
 404 0
 405 0
 406 0
 407 1
 408 1
 409 1
 410 0
 411 0
 412 1
 413 0
 414 1
 415 0
 416 1
 417 0
 418 1
 419 1
 420 0
 421 0
 422 0
 423 0
 424 0
 425 0
 426 0
 427 0
 428 1
 429 0
 430 1
 431 0
 432 0
 433 0
 434 0
 435 0
 436 0
 437 0
 438 1
 439 0
 440 1
 441 0
 442 1
 443 0
 444 0
 445 0
 446 0
 447 0
 448 0
 449 0
 450 0
 451 0
 452 0
 453 0
 454 0
 455 0
 456 1
 457 0
 458 0
 459 0
 460 0
 461 0
 462 0
 463 0
 464 1
 465 0
 466 0
 467 0
 468 0
 469 1
 470 1
 471 0
 472 0
 473 0
 474 0
 475 0
 476 0
 477 0
 478 0
 479 0
 480 0
 481 0
 482 0
 483 1
 484 0
 485 0
 486 0
 487 1
 488 0
 489 0
 490 0
 491 0
 492 0
 493 0
 494 0
 495 0
 496 0
 497 1
 498 0
 499 0
 500 0
 501 0
 502 0
 503 0
 504 1
 505 0
 506 0
 507 2
 508 0
 509 1
 510 1
 511 0
 512 8

