 1 1
 2 1
 3 146
 4 375
 5 396
 6 394
 7 418
 8 406
 9 409
 10 389
 11 356
 12 352
 13 353
 14 338
 15 310
 16 292
 17 282
 18 270
 19 287
 20 264
 21 258
 22 279
 23 277
 24 256
 25 254
 26 246
 27 281
 28 243
 29 255
 30 231
 31 243
 32 223
 33 248
 34 244
 35 241
 36 240
 37 226
 38 221
 39 252
 40 239
 41 223
 42 209
 43 203
 44 215
 45 211
 46 188
 47 204
 48 206
 49 215
 50 196
 51 172
 52 217
 53 176
 54 193
 55 178
 56 185
 57 184
 58 219
 59 168
 60 158
 61 207
 62 192
 63 186
 64 173
 65 166
 66 172
 67 186
 68 182
 69 175
 70 207
 71 165
 72 176
 73 175
 74 177
 75 192
 76 178
 77 170
 78 154
 79 151
 80 169
 81 173
 82 161
 83 158
 84 127
 85 142
 86 152
 87 183
 88 150
 89 128
 90 127
 91 152
 92 119
 93 152
 94 135
 95 132
 96 152
 97 140
 98 136
 99 138
 100 121
 101 160
 102 140
 103 132
 104 117
 105 134
 106 129
 107 135
 108 139
 109 117
 110 141
 111 143
 112 132
 113 131
 114 118
 115 136
 116 117
 117 109
 118 134
 119 127
 120 134
 121 121
 122 130
 123 100
 124 129
 125 126
 126 128
 127 111
 128 120
 129 100
 130 124
 131 109
 132 115
 133 115
 134 126
 135 108
 136 107
 137 93
 138 112
 139 105
 140 130
 141 115
 142 119
 143 107
 144 94
 145 94
 146 94
 147 107
 148 116
 149 105
 150 118
 151 107
 152 98
 153 106
 154 105
 155 110
 156 85
 157 82
 158 127
 159 89
 160 85
 161 108
 162 102
 163 95
 164 81
 165 88
 166 100
 167 98
 168 77
 169 97
 170 94
 171 94
 172 99
 173 99
 174 89
 175 96
 176 91
 177 86
 178 98
 179 76
 180 96
 181 96
 182 86
 183 60
 184 78
 185 98
 186 84
 187 89
 188 97
 189 86
 190 71
 191 80
 192 88
 193 96
 194 89
 195 96
 196 95
 197 88
 198 88
 199 82
 200 84
 201 84
 202 86
 203 81
 204 76
 205 93
 206 98
 207 97
 208 100
 209 96
 210 94
 211 89
 212 81
 213 87
 214 76
 215 116
 216 93
 217 100
 218 105
 219 67
 220 107
 221 97
 222 107
 223 106
 224 89
 225 100
 226 104
 227 87
 228 96
 229 105
 230 88
 231 92
 232 104
 233 114
 234 97
 235 109
 236 111
 237 124
 238 114
 239 118
 240 118
 241 101
 242 114
 243 102
 244 113
 245 110
 246 102
 247 82
 248 116
 249 121
 250 127
 251 113
 252 106
 253 116
 254 112
 255 125
 256 121
 257 110
 258 115
 259 118
 260 136
 261 136
 262 149
 263 138
 264 157
 265 141
 266 118
 267 149
 268 156
 269 166
 270 153
 271 160
 272 144
 273 141
 274 164
 275 161
 276 140
 277 158
 278 182
 279 143
 280 157
 281 193
 282 187
 283 195
 284 181
 285 185
 286 212
 287 187
 288 214
 289 217
 290 234
 291 248
 292 265
 293 235
 294 264
 295 259
 296 263
 297 266
 298 299
 299 304
 300 327
 301 337
 302 392
 303 380
 304 411
 305 404
 306 443
 307 469
 308 480
 309 479
 310 498
 311 555
 312 542
 313 661
 314 599
 315 616
 316 666
 317 674
 318 666
 319 697
 320 702
 321 733
 322 705
 323 674
 324 733
 325 728
 326 770
 327 684
 328 700
 329 649
 330 686
 331 615
 332 624
 333 549
 334 524
 335 531
 336 527
 337 499
 338 458
 339 410
 340 389
 341 344
 342 328
 343 285
 344 260
 345 271
 346 217
 347 216
 348 211
 349 166
 350 146
 351 140
 352 102
 353 115
 354 98
 355 90
 356 79
 357 71
 358 65
 359 63
 360 42
 361 42
 362 36
 363 39
 364 28
 365 28
 366 32
 367 27
 368 19
 369 23
 370 15
 371 20
 372 16
 373 14
 374 10
 375 20
 376 11
 377 8
 378 9
 379 5
 380 12
 381 9
 382 14
 383 8
 384 10
 385 5
 386 11
 387 4
 388 5
 389 1
 390 3
 391 4
 392 4
 393 5
 394 3
 395 5
 396 4
 397 3
 398 2
 399 4
 400 5
 401 2
 402 4
 403 2
 404 2
 405 4
 406 4
 407 0
 408 3
 409 1
 410 2
 411 1
 412 0
 413 0
 414 4
 415 0
 416 1
 417 0
 418 1
 419 0
 420 2
 421 2
 422 4
 423 0
 424 0
 425 2
 426 2
 427 0
 428 0
 429 0
 430 1
 431 0
 432 1
 433 1
 434 0
 435 0
 436 1
 437 1
 438 0
 439 0
 440 0
 441 0
 442 0
 443 0
 444 0
 445 0
 446 0
 447 0
 448 0
 449 1
 450 0
 451 0
 452 0
 453 0
 454 1
 455 1
 456 0
 457 0
 458 0
 459 0
 460 0
 461 0
 462 0
 463 0
 464 0
 465 0
 466 0
 467 0
 468 0
 469 0
 470 0
 471 0
 472 0
 473 0
 474 0
 475 0
 476 0
 477 0
 478 0
 479 0
 480 0
 481 0
 482 0
 483 0
 484 0
 485 0
 486 0
 487 0
 488 0
 489 0
 490 1
 491 0
 492 0
 493 0
 494 0
 495 0
 496 0
 497 0
 498 1
 499 1
 500 0
 501 0
 502 1
 503 0
 504 0
 505 0
 506 0
 507 0
 508 0
 509 0
 510 0
 511 0
 512 0

