 1 3
 2 1
 3 511
 4 1174
 5 1257
 6 1183
 7 1247
 8 1204
 9 1195
 10 1208
 11 1147
 12 1167
 13 1148
 14 1055
 15 993
 16 1008
 17 951
 18 997
 19 959
 20 924
 21 864
 22 892
 23 900
 24 840
 25 911
 26 874
 27 862
 28 810
 29 875
 30 856
 31 837
 32 818
 33 832
 34 777
 35 776
 36 804
 37 790
 38 790
 39 797
 40 753
 41 771
 42 779
 43 791
 44 682
 45 735
 46 695
 47 719
 48 728
 49 713
 50 706
 51 654
 52 643
 53 645
 54 658
 55 656
 56 660
 57 640
 58 641
 59 603
 60 602
 61 592
 62 632
 63 649
 64 627
 65 561
 66 571
 67 615
 68 569
 69 562
 70 598
 71 570
 72 541
 73 568
 74 541
 75 532
 76 519
 77 539
 78 533
 79 523
 80 558
 81 491
 82 520
 83 521
 84 496
 85 514
 86 456
 87 469
 88 526
 89 537
 90 521
 91 482
 92 499
 93 461
 94 469
 95 475
 96 449
 97 464
 98 484
 99 425
 100 447
 101 416
 102 488
 103 397
 104 472
 105 450
 106 461
 107 417
 108 416
 109 390
 110 427
 111 409
 112 434
 113 372
 114 443
 115 413
 116 395
 117 364
 118 394
 119 410
 120 434
 121 386
 122 412
 123 359
 124 376
 125 404
 126 386
 127 330
 128 391
 129 359
 130 373
 131 362
 132 368
 133 383
 134 361
 135 363
 136 356
 137 362
 138 332
 139 328
 140 367
 141 359
 142 365
 143 377
 144 377
 145 394
 146 353
 147 370
 148 357
 149 342
 150 354
 151 367
 152 387
 153 348
 154 334
 155 355
 156 354
 157 313
 158 342
 159 346
 160 379
 161 331
 162 322
 163 345
 164 312
 165 312
 166 315
 167 326
 168 336
 169 364
 170 335
 171 347
 172 347
 173 345
 174 333
 175 349
 176 360
 177 348
 178 324
 179 337
 180 350
 181 359
 182 370
 183 349
 184 351
 185 361
 186 371
 187 351
 188 370
 189 374
 190 363
 191 400
 192 387
 193 349
 194 375
 195 416
 196 364
 197 402
 198 437
 199 383
 200 431
 201 416
 202 463
 203 444
 204 426
 205 456
 206 445
 207 435
 208 414
 209 446
 210 466
 211 494
 212 483
 213 497
 214 438
 215 520
 216 496
 217 511
 218 481
 219 532
 220 544
 221 511
 222 552
 223 561
 224 540
 225 570
 226 630
 227 608
 228 593
 229 643
 230 702
 231 705
 232 713
 233 705
 234 741
 235 753
 236 802
 237 842
 238 814
 239 956
 240 928
 241 939
 242 996
 243 1049
 244 1077
 245 1179
 246 1158
 247 1254
 248 1293
 249 1422
 250 1489
 251 1506
 252 1602
 253 1702
 254 1745
 255 1814
 256 1960
 257 2081
 258 2138
 259 2046
 260 2206
 261 2264
 262 2237
 263 2303
 264 2380
 265 2420
 266 2437
 267 2381
 268 2281
 269 2267
 270 2303
 271 2214
 272 2133
 273 2105
 274 2035
 275 1908
 276 1845
 277 1717
 278 1688
 279 1528
 280 1372
 281 1290
 282 1240
 283 1116
 284 1079
 285 959
 286 858
 287 791
 288 668
 289 662
 290 587
 291 515
 292 461
 293 454
 294 354
 295 332
 296 332
 297 252
 298 202
 299 241
 300 205
 301 176
 302 176
 303 160
 304 143
 305 125
 306 115
 307 108
 308 116
 309 105
 310 90
 311 94
 312 80
 313 80
 314 84
 315 58
 316 59
 317 52
 318 48
 319 54
 320 56
 321 54
 322 45
 323 31
 324 51
 325 42
 326 33
 327 47
 328 45
 329 33
 330 28
 331 23
 332 33
 333 28
 334 28
 335 35
 336 19
 337 18
 338 27
 339 25
 340 26
 341 17
 342 17
 343 21
 344 9
 345 18
 346 18
 347 15
 348 17
 349 13
 350 12
 351 15
 352 15
 353 11
 354 11
 355 7
 356 8
 357 4
 358 8
 359 7
 360 10
 361 10
 362 7
 363 6
 364 6
 365 2
 366 5
 367 5
 368 2
 369 4
 370 9
 371 5
 372 2
 373 5
 374 7
 375 4
 376 3
 377 5
 378 4
 379 3
 380 6
 381 4
 382 1
 383 3
 384 4
 385 1
 386 3
 387 1
 388 2
 389 4
 390 1
 391 0
 392 5
 393 2
 394 2
 395 0
 396 1
 397 1
 398 1
 399 2
 400 2
 401 2
 402 3
 403 1
 404 1
 405 1
 406 0
 407 1
 408 1
 409 1
 410 1
 411 1
 412 0
 413 1
 414 1
 415 0
 416 1
 417 2
 418 0
 419 2
 420 0
 421 0
 422 0
 423 0
 424 0
 425 0
 426 1
 427 1
 428 3
 429 1
 430 0
 431 2
 432 0
 433 1
 434 1
 435 0
 436 0
 437 0
 438 0
 439 1
 440 0
 441 0
 442 0
 443 0
 444 2
 445 0
 446 0
 447 0
 448 0
 449 0
 450 0
 451 1
 452 0
 453 1
 454 0
 455 0
 456 0
 457 0
 458 0
 459 1
 460 2
 461 0
 462 0
 463 0
 464 1
 465 2
 466 0
 467 0
 468 0
 469 0
 470 0
 471 0
 472 1
 473 0
 474 0
 475 0
 476 0
 477 0
 478 0
 479 2
 480 0
 481 0
 482 0
 483 0
 484 1
 485 0
 486 0
 487 1
 488 0
 489 1
 490 0
 491 0
 492 0
 493 0
 494 0
 495 0
 496 0
 497 0
 498 1
 499 0
 500 0
 501 1
 502 0
 503 0
 504 0
 505 0
 506 0
 507 1
 508 0
 509 0
 510 0
 511 1
 512 2

