 1 1
 2 1
 3 232
 4 537
 5 581
 6 603
 7 607
 8 624
 9 611
 10 530
 11 534
 12 522
 13 488
 14 417
 15 421
 16 425
 17 393
 18 385
 19 381
 20 360
 21 337
 22 339
 23 334
 24 330
 25 315
 26 301
 27 315
 28 316
 29 296
 30 302
 31 320
 32 287
 33 273
 34 282
 35 301
 36 284
 37 276
 38 257
 39 245
 40 267
 41 258
 42 243
 43 227
 44 237
 45 228
 46 241
 47 236
 48 241
 49 203
 50 218
 51 231
 52 214
 53 212
 54 214
 55 214
 56 209
 57 206
 58 217
 59 193
 60 200
 61 173
 62 182
 63 204
 64 201
 65 216
 66 162
 67 185
 68 188
 69 178
 70 172
 71 193
 72 219
 73 181
 74 184
 75 171
 76 177
 77 144
 78 163
 79 164
 80 158
 81 150
 82 157
 83 156
 84 139
 85 156
 86 146
 87 156
 88 153
 89 135
 90 160
 91 157
 92 167
 93 166
 94 140
 95 151
 96 152
 97 127
 98 139
 99 135
 100 149
 101 126
 102 144
 103 142
 104 146
 105 139
 106 141
 107 156
 108 113
 109 142
 110 122
 111 140
 112 133
 113 120
 114 121
 115 118
 116 110
 117 110
 118 123
 119 134
 120 115
 121 116
 122 128
 123 113
 124 125
 125 114
 126 124
 127 120
 128 119
 129 123
 130 121
 131 126
 132 107
 133 123
 134 121
 135 124
 136 107
 137 119
 138 117
 139 95
 140 95
 141 100
 142 118
 143 119
 144 112
 145 111
 146 99
 147 117
 148 104
 149 113
 150 124
 151 98
 152 121
 153 92
 154 100
 155 93
 156 106
 157 98
 158 95
 159 91
 160 88
 161 87
 162 107
 163 111
 164 97
 165 97
 166 91
 167 92
 168 108
 169 86
 170 95
 171 89
 172 90
 173 93
 174 86
 175 93
 176 92
 177 85
 178 93
 179 83
 180 95
 181 73
 182 91
 183 96
 184 113
 185 97
 186 86
 187 73
 188 106
 189 75
 190 67
 191 74
 192 84
 193 86
 194 90
 195 78
 196 72
 197 80
 198 81
 199 93
 200 79
 201 71
 202 92
 203 91
 204 93
 205 79
 206 70
 207 79
 208 85
 209 87
 210 82
 211 75
 212 74
 213 93
 214 90
 215 75
 216 86
 217 91
 218 86
 219 70
 220 94
 221 70
 222 80
 223 89
 224 83
 225 65
 226 72
 227 85
 228 79
 229 79
 230 72
 231 73
 232 64
 233 74
 234 75
 235 83
 236 71
 237 73
 238 56
 239 73
 240 84
 241 99
 242 80
 243 97
 244 72
 245 84
 246 73
 247 87
 248 105
 249 81
 250 104
 251 89
 252 68
 253 92
 254 85
 255 85
 256 73
 257 80
 258 71
 259 80
 260 100
 261 89
 262 99
 263 101
 264 78
 265 90
 266 73
 267 99
 268 77
 269 91
 270 80
 271 108
 272 89
 273 94
 274 81
 275 83
 276 96
 277 81
 278 91
 279 97
 280 89
 281 93
 282 95
 283 105
 284 82
 285 110
 286 99
 287 81
 288 96
 289 103
 290 114
 291 116
 292 94
 293 103
 294 108
 295 105
 296 98
 297 105
 298 95
 299 106
 300 98
 301 129
 302 115
 303 102
 304 115
 305 121
 306 114
 307 104
 308 120
 309 102
 310 114
 311 122
 312 121
 313 115
 314 134
 315 129
 316 152
 317 128
 318 134
 319 157
 320 142
 321 140
 322 138
 323 130
 324 137
 325 136
 326 157
 327 137
 328 141
 329 158
 330 154
 331 147
 332 146
 333 149
 334 153
 335 165
 336 182
 337 186
 338 186
 339 167
 340 199
 341 205
 342 169
 343 195
 344 171
 345 200
 346 207
 347 211
 348 208
 349 231
 350 195
 351 231
 352 244
 353 246
 354 284
 355 254
 356 309
 357 324
 358 315
 359 359
 360 314
 361 337
 362 409
 363 403
 364 418
 365 398
 366 474
 367 465
 368 516
 369 488
 370 528
 371 503
 372 551
 373 579
 374 585
 375 578
 376 626
 377 609
 378 644
 379 643
 380 636
 381 692
 382 666
 383 628
 384 644
 385 626
 386 608
 387 593
 388 623
 389 567
 390 535
 391 528
 392 530
 393 490
 394 497
 395 450
 396 417
 397 425
 398 361
 399 356
 400 333
 401 291
 402 294
 403 255
 404 245
 405 210
 406 199
 407 182
 408 131
 409 159
 410 127
 411 108
 412 111
 413 75
 414 89
 415 74
 416 57
 417 48
 418 58
 419 38
 420 33
 421 22
 422 20
 423 24
 424 21
 425 16
 426 18
 427 11
 428 7
 429 8
 430 12
 431 9
 432 9
 433 7
 434 9
 435 4
 436 7
 437 6
 438 1
 439 2
 440 4
 441 4
 442 1
 443 1
 444 2
 445 4
 446 2
 447 5
 448 2
 449 1
 450 1
 451 3
 452 1
 453 3
 454 1
 455 2
 456 0
 457 0
 458 0
 459 1
 460 0
 461 3
 462 0
 463 0
 464 0
 465 0
 466 0
 467 1
 468 0
 469 1
 470 0
 471 0
 472 0
 473 0
 474 0
 475 0
 476 0
 477 0
 478 0
 479 1
 480 0
 481 1
 482 0
 483 0
 484 1
 485 0
 486 0
 487 0
 488 0
 489 0
 490 0
 491 0
 492 0
 493 0
 494 0
 495 0
 496 0
 497 0
 498 0
 499 0
 500 0
 501 0
 502 0
 503 0
 504 0
 505 1
 506 0
 507 0
 508 0
 509 0
 510 0
 511 0
 512 0

