 1 0
 2 0
 3 248
 4 575
 5 655
 6 688
 7 719
 8 683
 9 636
 10 686
 11 618
 12 594
 13 530
 14 472
 15 477
 16 419
 17 400
 18 376
 19 395
 20 367
 21 322
 22 318
 23 333
 24 318
 25 294
 26 303
 27 322
 28 310
 29 265
 30 297
 31 284
 32 273
 33 299
 34 272
 35 267
 36 267
 37 250
 38 237
 39 245
 40 237
 41 236
 42 228
 43 240
 44 210
 45 212
 46 212
 47 209
 48 209
 49 204
 50 171
 51 184
 52 154
 53 173
 54 172
 55 150
 56 177
 57 168
 58 161
 59 150
 60 156
 61 141
 62 146
 63 146
 64 136
 65 123
 66 150
 67 137
 68 128
 69 151
 70 149
 71 115
 72 142
 73 125
 74 120
 75 123
 76 113
 77 144
 78 130
 79 117
 80 134
 81 110
 82 141
 83 109
 84 114
 85 132
 86 107
 87 106
 88 114
 89 112
 90 98
 91 127
 92 104
 93 108
 94 91
 95 103
 96 92
 97 97
 98 84
 99 97
 100 92
 101 80
 102 98
 103 105
 104 92
 105 92
 106 97
 107 70
 108 97
 109 91
 110 80
 111 78
 112 74
 113 88
 114 70
 115 85
 116 83
 117 76
 118 74
 119 67
 120 85
 121 91
 122 73
 123 78
 124 79
 125 72
 126 52
 127 76
 128 73
 129 78
 130 67
 131 71
 132 67
 133 64
 134 65
 135 59
 136 65
 137 87
 138 68
 139 69
 140 70
 141 58
 142 82
 143 69
 144 55
 145 66
 146 67
 147 72
 148 65
 149 69
 150 63
 151 59
 152 70
 153 58
 154 52
 155 55
 156 64
 157 47
 158 51
 159 43
 160 56
 161 44
 162 46
 163 43
 164 44
 165 36
 166 50
 167 39
 168 43
 169 37
 170 35
 171 40
 172 38
 173 35
 174 28
 175 45
 176 29
 177 40
 178 58
 179 31
 180 44
 181 33
 182 36
 183 26
 184 37
 185 35
 186 48
 187 31
 188 43
 189 34
 190 26
 191 39
 192 28
 193 46
 194 45
 195 37
 196 31
 197 36
 198 37
 199 35
 200 39
 201 33
 202 36
 203 36
 204 41
 205 37
 206 35
 207 30
 208 44
 209 24
 210 44
 211 37
 212 38
 213 33
 214 37
 215 36
 216 30
 217 41
 218 36
 219 28
 220 38
 221 30
 222 46
 223 28
 224 37
 225 24
 226 23
 227 40
 228 26
 229 29
 230 28
 231 35
 232 28
 233 31
 234 29
 235 28
 236 28
 237 31
 238 28
 239 31
 240 37
 241 32
 242 25
 243 21
 244 31
 245 38
 246 38
 247 28
 248 31
 249 30
 250 28
 251 33
 252 25
 253 39
 254 31
 255 33
 256 27
 257 34
 258 29
 259 35
 260 37
 261 34
 262 43
 263 23
 264 38
 265 28
 266 28
 267 19
 268 21
 269 27
 270 42
 271 18
 272 24
 273 33
 274 27
 275 33
 276 33
 277 34
 278 19
 279 34
 280 29
 281 36
 282 27
 283 28
 284 35
 285 32
 286 26
 287 36
 288 30
 289 20
 290 27
 291 29
 292 20
 293 26
 294 28
 295 29
 296 33
 297 40
 298 28
 299 39
 300 36
 301 33
 302 18
 303 39
 304 20
 305 24
 306 31
 307 32
 308 33
 309 29
 310 32
 311 32
 312 31
 313 30
 314 46
 315 47
 316 31
 317 38
 318 35
 319 43
 320 42
 321 34
 322 25
 323 29
 324 25
 325 40
 326 53
 327 38
 328 44
 329 33
 330 26
 331 34
 332 44
 333 37
 334 44
 335 30
 336 30
 337 39
 338 45
 339 42
 340 33
 341 33
 342 37
 343 27
 344 40
 345 46
 346 35
 347 35
 348 44
 349 35
 350 38
 351 34
 352 44
 353 42
 354 51
 355 41
 356 47
 357 40
 358 40
 359 40
 360 33
 361 61
 362 44
 363 53
 364 40
 365 51
 366 40
 367 51
 368 45
 369 46
 370 56
 371 46
 372 51
 373 34
 374 51
 375 48
 376 46
 377 52
 378 54
 379 60
 380 49
 381 63
 382 55
 383 55
 384 61
 385 57
 386 60
 387 61
 388 86
 389 48
 390 64
 391 58
 392 62
 393 70
 394 58
 395 69
 396 50
 397 52
 398 64
 399 62
 400 70
 401 65
 402 76
 403 85
 404 59
 405 80
 406 69
 407 72
 408 85
 409 79
 410 92
 411 97
 412 75
 413 107
 414 105
 415 97
 416 79
 417 118
 418 115
 419 113
 420 133
 421 143
 422 152
 423 139
 424 154
 425 150
 426 155
 427 180
 428 170
 429 188
 430 178
 431 172
 432 204
 433 193
 434 204
 435 195
 436 207
 437 200
 438 206
 439 197
 440 174
 441 208
 442 205
 443 210
 444 171
 445 198
 446 195
 447 159
 448 180
 449 152
 450 157
 451 157
 452 126
 453 133
 454 116
 455 113
 456 114
 457 80
 458 81
 459 78
 460 81
 461 66
 462 55
 463 42
 464 42
 465 39
 466 37
 467 35
 468 33
 469 33
 470 17
 471 14
 472 18
 473 12
 474 11
 475 13
 476 9
 477 6
 478 7
 479 1
 480 7
 481 6
 482 5
 483 3
 484 2
 485 1
 486 0
 487 2
 488 2
 489 0
 490 0
 491 1
 492 0
 493 0
 494 0
 495 0
 496 0
 497 0
 498 0
 499 0
 500 1
 501 1
 502 0
 503 0
 504 1
 505 1
 506 1
 507 1
 508 0
 509 0
 510 0
 511 0
 512 0

