100	648
101	648
102	660
103	676
104	684
105	692
106	694
107	696
108	698
109	700
110	696
111	692
112	684
113	680
114	668
115	660
116	652
117	640
118	632
119	612
120	600
121	588
122	576
123	560
124	540
125	528
126	516
127	500
128	484
129	472
130	456
131	448
132	428
133	420
134	412
135	400
136	396
137	384
138	380
139	380
140	380
141	380
142	380
143	384
144	388
145	392
146	400
147	408
148	420
149	436
150	452
151	464
152	480
153	492
154	512
155	532
156	544
157	560
158	576
159	584
160	600
161	608
162	624
163	636
164	644
165	648
166	652
167	660
168	660
169	660
170	660
171	656
172	652
173	648
174	640
175	632
176	620
177	612
178	596
179	580
180	568
181	552
182	540
183	528
184	516
185	488
186	484
187	472
188	460
189	452
190	444
191	436
192	428
193	424
194	424
195	424
196	424
197	428
198	432
199	436
200	444
201	456
202	464
203	476
204	488
205	500
206	512
207	528
208	540
209	568
210	584
211	600
212	620
213	636
214	656
215	672
216	696
217	704
218	716
219	740
220	748
221	760
222	768
223	776
224	780
225	784
226	788
227	788
228	784
229	784
230	780
231	768
232	764
233	761
234	758
235	755
236	752
237	700
238	684
239	672
240	652
241	636
242	624
243	604
244	584
245	572
246	544
247	532
248	520
249	500
250	492
251	480
252	472
253	460
254	452
255	448
256	440
257	432
258	428
259	424
260	424
261	420
262	420
263	424
264	428
265	432
266	444
267	452
268	452
269	468
270	480
271	492
272	508
273	524
274	532
275	548
276	560
277	572
278	588
279	596
280	604
281	616
282	624
283	632
284	636
285	644
286	644
287	644
288	644
289	644
290	636
291	632
292	628
293	620
294	612
295	604
296	596
297	576
298	568
299	560
300	548
301	536
302	516
303	508
304	496
305	488
306	476
307	460
308	456
309	448
310	440
311	432
312	428
313	424
314	420
315	416
316	416
317	416
318	416
319	420
320	420
321	424
322	432
323	436
324	448
325	456
326	464
327	476
328	488
329	504
330	516
331	536
332	548
333	564
334	576
335	592
336	608
337	620
338	640
339	644
340	656
341	668
342	676
343	684
344	688
345	692
346	696
347	696
348	700
349	696
350	692
351	692
352	684
353	676
354	672
355	664
356	656
357	644
358	632
359	620
360	608
361	596
362	580
363	572
364	560
365	544
366	536
367	524
368	516
369	504
370	500
371	492
372	484
373	476
374	472
375	464
376	460
377	456
378	452
379	448
380	444
381	440
382	436
383	432
384	428
385	428
386	424
387	424
388	424
389	424
390	424
391	424
392	424
393	424
394	424
395	424
396	424
397	424
398	428
399	428
400	428
401	428
402	428
403	428
404	424
405	424
406	424
407	420
408	416
409	412
410	408
411	404
412	400
413	396
414	392
415	384
416	376
417	368
418	356
419	350
420	344
421	336
422	324
423	316
424	304
425	292
426	280
427	272
428	263
429	254
430	245
431	236
432	224
433	216
434	208
435	200
436	196
437	188
438	184
439	176
440	173
441	170
442	167
443	164
444	160
445	160
446	160
447	156
448	156
449	157
450	158
451	159
452	160
453	160
454	164
455	164
456	168
457	168
458	168
459	172
460	172
461	172
462	176
463	176
464	176
465	176
466	176
467	176
468	176
469	176
470	176
471	176
472	172
473	172
474	170
475	168
476	168
477	164
478	164
479	160
480	160
481	156
482	152
483	152
484	152
485	148
486	144
487	144
488	144
489	142
490	140
491	140
492	136
493	136
494	132
495	132
496	132
497	132
498	128
499	128
500	124
501	124
502	120
503	120
504	116
505	116
506	112
507	108
508	108
509	104
510	104
511	100
512	96
513	92
514	88
515	88
516	84
517	84
518	80
519	76
520	72
521	72
522	68
523	68
524	64
525	60
526	60
527	56
528	56
529	52
530	52
531	52
532	48
533	48
534	48
535	44
536	44
537	44
538	44
539	44
540	44
541	40
542	40
543	40
544	40
545	40
546	40
547	40
548	40
549	40
550	40
551	40
552	40
553	36
554	36
555	36
556	36
557	36
558	36
559	36
560	36
561	36
562	36
563	36
564	36
565	36
566	36
567	36
568	36
569	36
570	36
571	36
572	36
573	36
574	40
575	40
576	40
577	40
578	40
579	40
580	40
581	40
582	40
583	40
584	44
585	44
586	44
587	44
588	44
589	44
590	44
591	44
592	44
593	44
594	44
595	44
596	44
597	44
598	44
599	44
600	44
601	40
602	40
603	40
604	40
605	40
606	40
607	40
608	40
609	40
610	40
611	40
612	40
613	40
614	40
615	36
616	36
617	36
618	40
619	40
620	40
621	40
622	40
623	40
624	40
625	40
626	40
627	40
628	40
629	40
630	40
631	40
632	40
633	40
634	40
635	40
636	40
637	40
638	40
639	40
640	40
641	40
642	40
643	40
644	36
645	36
646	36
647	36
648	36
649	36
650	32
651	32
652	32
653	32
654	32
655	32
656	32
657	32
658	28
659	28
660	28
661	28
662	28
663	28
664	28
665	28
666	28
667	28
668	28
669	32
670	32
671	32
672	32
673	32
674	32
675	32
676	32
677	32
678	32
679	32
680	32
681	32
682	32
683	36
684	36
685	36
686	36
687	36
688	36
689	36
690	36
691	36
692	36
693	36
694	36
695	36
696	36
697	36
698	36
699	36
700	36
701	36
702	36
703	36
704	36
705	36
706	36
707	36
708	36
709	36
710	36
711	36
712	36
713	32
714	32
715	32
716	32
717	32
718	32
719	32
720	32
721	32
722	32
723	32
724	32
725	32
726	32
727	32
728	32
729	32
730	32
731	32
732	36
733	36
734	36
735	36
736	36
737	36
738	36
739	36
740	36
741	36
742	36
743	36
744	36
745	40
746	40
747	40
748	40
749	40
750	40
751	40
752	40
753	40
754	40
755	40
756	40
757	40
758	40
759	40
760	40
761	40
762	40
763	40
764	40
765	40
766	40
767	40
768	40
769	40
770	40
771	44
772	44
773	44
774	44
775	44
776	48
777	48
778	52
779	52
780	52
781	56
782	56
783	58
784	60
785	64
786	68
787	72
788	76
789	80
790	84
791	88
792	92
793	96
794	104
795	108
796	112
797	116
798	124
799	128
800	136
801	144
802	144
803	152
804	160
805	164
806	168
807	172
808	176
809	184
810	184
811	188
812	192
813	196
814	196
815	198
816	200
817	200
818	200
819	200
820	200
821	200
822	196
823	196
824	196
825	192
826	192
827	192
828	188
829	184
830	184
831	184
832	180
833	180
834	180
835	180
836	180
837	180
838	180
839	180
840	180
841	184
842	188
843	192
844	196
845	200
846	208
847	212
848	216
849	228
850	236
851	240
852	252
853	256
854	268
855	280
856	288
857	300
858	312
859	316
860	332
861	348
862	356
863	368
864	372
865	384
866	396
867	400
868	412
869	424
870	428
871	436
872	440
873	444
874	448
875	452
876	452
877	452
878	452
879	448
880	448
881	444
882	440
883	436
884	432
885	428
886	420
887	416
888	412
889	404
890	400
891	392
892	384
893	384
894	376
895	372
896	368
897	364
898	360
899	360
900	356
901	356
902	356
903	360
904	360
905	364
906	364
907	372
908	380
909	380
910	392
911	396
912	408
913	424
914	428
915	448
916	464
917	472
918	496
919	504
920	532
921	552
922	556
923	584
924	604
925	616
926	640
927	644
928	668
929	688
930	692
931	708
932	716
933	728
934	736
935	736
936	744
937	744
938	744
939	744
940	744
941	736
942	724
943	724
944	712
945	708
946	688
947	672
948	668
949	648
950	644
951	620
952	612
953	592
954	568
955	564
956	540
957	536
958	516
959	508
960	488
961	472
962	468
963	452
964	444
965	432
966	424
967	420
968	416
969	412
970	412
971	416
972	416
973	424
974	424
975	436
976	444
977	456
978	464
979	480
980	504
981	508
982	532
983	548
984	564
985	588
986	596
987	616
988	624
989	648
990	664
991	668
992	684
993	692
994	704
995	708
996	712
997	716
998	716
999	716
1000	716
1001	712
1002	704
1003	700
1004	688
1005	684
1006	668
1007	652
1008	648
1009	628
1010	616
1011	596
1012	576
1013	572
1014	552
1015	544
1016	524
1017	516
1018	500
1019	488
1020	484
1021	476
1022	472
1023	468
1024	468
1025	468
1026	472
1027	472
1028	480
1029	484
1030	496
1031	512
1032	516
1033	536
1034	540
1035	560
1036	564
1037	588
1038	596
1039	624
1040	636
1041	660
1042	688
1043	696
1044	724
1045	732
1046	756
1047	768
1048	780
1049	788
1050	804
1051	816
1052	824
1053	828
1054	832
1055	836
1056	836
1057	836
1058	832
1059	828
1060	816
1061	812
1062	796
1063	792
1064	776
1065	768
1066	748
1067	740
1068	720
1069	692
1070	684
1071	660
1072	652
1073	634
1074	616
1075	592
1076	588
1077	564
1078	550
1079	536
1080	516
1081	512
1082	496
1083	496
1084	480
1085	476
1086	468
1087	460
1088	456
1089	452
1090	452
1091	452
1092	452
1093	456
1094	460
1095	468
1096	480
1097	488
1098	496
1099	504
1100	524
1101	528
1102	552
1103	556
1104	576
1105	596
1106	600
1107	612
1108	624
1109	644
1110	644
1111	660
1112	664
1113	672
1114	676
1115	680
1116	680
1117	680
1118	676
1119	676
1120	668
1121	664
1122	656
1123	652
1124	636
1125	632
1126	612
1127	608
1128	592
1129	588
1130	568
1131	564
1132	544
1133	540
1134	516
1135	504
1136	500
1137	488
1138	480
1139	472
1140	468
1141	460
1142	460
1143	452
1144	452
1145	448
1146	448
1147	452
1148	452
1149	456
1150	460
1151	468
1152	468
1153	484
1154	488
1155	504
1156	520
1157	528
1158	548
1159	552
1160	576
1161	588
1162	604
1163	612
1164	636
1165	640
1166	664
1167	668
1168	688
1169	692
1170	708
1171	712
1172	724
1173	732
1174	732
1175	740
1176	740
1177	740
1178	740
1179	736
1180	732
1181	724
1182	724
1183	712
1184	708
1185	692
1186	692
1187	668
1188	664
1189	644
1190	632
1191	624
1192	616
1193	600
1194	584
1195	572
1196	560
1197	556
1198	540
1199	536
1200	524
1201	520
1202	512
1203	508
1204	496
1205	496
1206	488
1207	484
1208	476
1209	476
1210	472
1211	468
1212	464
1213	464
1214	460
1215	456
1216	456
1217	456
1218	452
1219	452
1220	452
1221	452
1222	456
1223	456
1224	456
1225	456
1226	456
1227	456
1228	456
1229	456
1230	456
1231	456
1232	456
1233	456
1234	452
1235	452
1236	448
1237	448
1238	443
1239	438
1240	434
1241	429
1242	424
1243	420
1244	408
1245	404
1246	392
1247	388
1248	376
1249	368
1250	352
1251	348
1252	332
1253	328
1254	308
1255	308
1256	296
1257	284
1258	268
1259	264
1260	248
1261	240
1262	232
1263	224
1264	218
1265	212
1266	200
1267	200
1268	188
1269	188
1270	180
1271	180
1272	178
1273	176
1274	172
1275	172
1276	168
1277	168
1278	168
1279	172
1280	172
1281	172
1282	172
1283	176
1284	176
1285	176
1286	180
1287	180
1288	184
1289	184
1290	185
1291	186
1292	187
1293	188
1294	188
1295	188
1296	188
1297	188
1298	188
1299	188
1300	188
1301	184
1302	184
1303	184
1304	180
1305	180
1306	176
1307	176
1308	172
1309	168
1310	164
1311	164
1312	160
1313	160
1314	156
1315	156
1316	154
1317	152
1318	148
1319	148
1320	148
1321	148
1322	144
1323	144
1324	140
1325	140
1326	136
1327	136
1328	136
1329	132
1330	132
1331	128
1332	128
1333	124
1334	120
1335	116
1336	116
1337	112
1338	108
1339	104
1340	104
1341	100
1342	100
1343	96
1344	92
1345	88
1346	84
1347	84
1348	80
1349	76
1350	72
1351	72
1352	68
1353	68
1354	64
1355	64
1356	62
1357	60
1358	56
1359	56
1360	52
1361	52
1362	52
1363	48
1364	48
1365	48
1366	48
1367	48
1368	44
1369	44
1370	44
1371	44
1372	44
1373	44
1374	44
1375	44
1376	44
1377	40
1378	40
1379	40
1380	40
1381	40
1382	40
1383	40
1384	40
1385	40
1386	40
1387	40
1388	40
1389	40
1390	40
1391	40
1392	40
1393	40
1394	40
1395	40
1396	40
1397	40
1398	40
1399	40
1400	40
1401	40
1402	40
1403	40
1404	40
1405	40
1406	40
1407	40
1408	40
1409	44
1410	44
1411	44
1412	44
1413	44
1414	44
1415	44
1416	44
1417	44
1418	44
1419	44
1420	44
1421	44
1422	44
1423	44
1424	44
1425	44
1426	44
1427	44
1428	44
1429	44
1430	44
1431	44
1432	44
1433	44
1434	44
1435	44
1436	40
1437	40
1438	40
1439	40
1440	40
1441	40
1442	40
1443	40
1444	40
1445	40
1446	40
1447	40
1448	40
1449	40
1450	40
1451	40
1452	40
1453	40
1454	40
1455	44
1456	44
1457	44
1458	44
1459	44
1460	44
1461	44
1462	44
1463	44
1464	44
1465	44
1466	44
1467	44
1468	44
1469	40
1470	40
1471	40
1472	40
1473	40
1474	36
1475	36
1476	36
1477	36
1478	36
1479	36
1480	32
1481	32
1482	32
1483	32
1484	32
1485	32
1486	32
1487	32
1488	32
1489	28
1490	28
1491	28
1492	28
1493	28
1494	28
1495	28
1496	28
1497	32
1498	32
1499	32
1500	32
1501	32
1502	32
1503	32
1504	32
1505	32
1506	32
1507	32
1508	32
1509	32
1510	32
1511	32
1512	32
1513	32
1514	32
1515	36
1516	36
1517	36
1518	36
1519	36
1520	36
1521	36
1522	36
1523	36
1524	36
1525	36
1526	36
1527	36
1528	36
1529	36
1530	36
1531	36
1532	36
1533	36
1534	36
1535	36
1536	36
1537	36
1538	36
1539	36
1540	36
1541	36
1542	36
1543	36
1544	36
1545	36
1546	36
1547	36
1548	36
1549	36
1550	36
1551	36
1552	36
1553	36
1554	36
1555	36
1556	36
1557	36
1558	36
1559	36
1560	36
1561	40
1562	40
1563	40
1564	40
1565	40
1566	40
1567	40
1568	40
1569	40
1570	40
1571	40
1572	40
1573	40
1574	40
1575	40
1576	40
1577	40
1578	40
1579	40
1580	40
1581	40
1582	40
1583	40
1584	40
1585	40
1586	40
1587	40
1588	40
1589	40
1590	40
1591	40
1592	40
1593	40
1594	41
1595	42
1596	43
1597	44
1598	44
1599	44
1600	44
1601	48
1602	48
1603	48
1604	52
1605	52
1606	52
1607	56
1608	56
1609	60
1610	64
1611	64
1612	64
1613	72
1614	72
1615	76
1616	80
1617	84
1618	88
1619	92
1620	96
1621	100
1622	108
1623	112
1624	120
1625	124
1626	128
1627	136
1628	136
1629	148
1630	152
1631	160
1632	164
1633	164
1634	176
1635	176
1636	184
1637	184
1638	192
1639	192
1640	196
1641	200
1642	200
1643	200
1644	200
1645	200
1646	200
1647	200
1648	196
1649	196
1650	196
1651	192
1652	192
1653	192
1654	188
1655	184
1656	184
1657	184
1658	180
1659	180
1660	176
1661	176
1662	176
1663	176
1664	176
1665	176
1666	176
1667	180
1668	184
1669	184
1670	192
1671	192
1672	200
1673	204
1674	208
1675	220
1676	220
1677	236
1678	240
1679	244
1680	260
1681	264
1682	284
1683	284
1684	292
1685	308
1686	320
1687	332
1688	344
1689	356
1690	368
1691	372
1692	392
1693	396
1694	412
1695	416
1696	420
1697	432
1698	440
1699	448
1700	448
1701	452
1702	456
1703	456
1704	456
1705	456
1706	456
1707	456
1708	452
1709	448
1710	444
1711	436
1712	436
1713	432
1714	424
1715	420
1716	408
1717	408
1718	404
1719	392
1720	392
1721	384
1722	380
1723	380
1724	372
1725	372
1726	368
1727	364
1728	364
1729	364
1730	364
1731	368
1732	372
1733	380
1734	380
1735	384
1736	396
1737	400
1738	416
1739	420
1740	424
1741	448
1742	452
1743	480
1744	484
1745	492
1746	524
1747	528
1748	560
1749	576
1750	584
1751	620
1752	624
1753	652
1754	660
1755	688
1756	696
1757	700
1758	720
1759	728
1760	740
1761	744
1762	744
1763	752
1764	752
1765	752
1766	748
1767	748
1768	740
1769	732
1770	720
1771	716
1772	708
1773	692
1774	688
1775	660
1776	656
1777	644
1778	628
1779	612
1780	596
1781	580
1782	572
1783	540
1784	532
1785	520
1786	500
1787	488
1788	468
1789	464
1790	456
1791	440
1792	436
1793	424
1794	420
1795	416
1796	412
1797	412
1798	416
1799	420
1800	424
1801	432
1802	436
1803	456
1804	464
1805	468
1806	496
1807	500
1808	516
1809	540
1810	548
1811	580
1812	584
1813	596
1814	628
1815	628
1816	656
1817	660
1818	672
1819	688
1820	692
1821	704
1822	708
1823	712
1824	716
1825	716
1826	716
1827	712
1828	708
1829	700
1830	696
1831	688
1832	672
1833	664
1834	644
1835	629
1836	614
1837	598
1838	583
1839	568
1840	562
1841	556
1842	532
1843	524
1844	504
1845	496
1846	496
1847	484
1848	480
1849	472
1850	472
1851	472
1852	474
1853	476
1854	484
1855	488
1856	492
1857	502
1858	512
1859	516
1860	544
1861	544
1862	564
1863	584
1864	588
1865	624
1866	632
1867	668
1868	672
1869	684
1870	716
1871	724
1872	760
1873	764
1874	772
1875	800
1876	804
1877	824
1878	832
1879	832
1880	844
1881	844
1882	848
1883	848
1884	844
1885	840
1886	836
1887	832
1888	816
1889	812
1890	788
1891	784
1892	780
1893	752
1894	744
1895	708
1896	700
1897	696
1898	660
1899	652
1900	644
1901	608
1902	604
1903	572
1904	564
1905	552
1906	532
1907	528
1908	520
1909	504
1910	492
1911	480
1912	478
1913	476
1914	464
1915	464
1916	460
1917	460
1918	460
1919	464
1920	468
1921	468
1922	480
1923	484
1924	492
1925	508
1926	512
1927	540
1928	544
1929	552
1930	576
1931	584
1932	612
1933	616
1934	620
1935	644
1936	648
1937	652
1938	668
1939	672
1940	680
1941	680
1942	684
1943	684
1944	684
1945	680
1946	676
1947	672
1948	660
1949	656
1950	656
1951	636
1952	632
1953	624
1954	600
1955	592
1956	588
1957	574
1958	560
1959	540
1960	532
1961	524
1962	504
1963	500
1964	484
1965	480
1966	476
1967	464
1968	464
1969	460
1970	458
1971	456
1972	454
1973	452
1974	452
1975	460
1976	460
1977	464
1978	476
1979	480
1980	496
1981	500
1982	504
1983	528
1984	536
1985	544
1986	572
1987	580
1988	608
1989	620
1990	624
1991	656
1992	656
1993	668
1994	688
1995	692
1996	716
1997	720
1998	720
1999	736
2000	736
2001	744
2002	748
2003	748
2004	748
2005	744
2006	740
2007	736
2008	736
2009	720
2010	716
2011	712
2012	702
2013	691
2014	681
2015	670
2016	660
2017	644
2018	628
2019	624
2020	596
2021	596
2022	572
2023	568
2024	564
2025	544
2026	544
2027	540
2028	524
2029	524
2030	508
2031	508
2032	504
2033	492
2034	492
2035	488
2036	480
2037	476
2038	472
2039	472
2040	472
2041	464
2042	464
2043	464
2044	464
2045	460
2046	460
2047	460
2048	464
2049	464
2050	464
2051	464
2052	464
2053	464
2054	464
2055	464
2056	464
2057	464
2058	464
2059	464
2060	460
2061	460
2062	460
2063	452
2064	448
2065	448
2066	440
2067	436
2068	424
2069	420
2070	420
2071	404
2072	400
2073	396
2074	376
2075	372
2076	368
2077	348
2078	344
2079	324
2080	320
2081	312
2082	292
2083	284
2084	284
2085	260
2086	260
2087	252
2088	236
2089	232
2090	216
2091	212
2092	212
2093	196
2094	196
2095	192
2096	184
2097	184
2098	176
2099	176
2100	176
2101	172
2102	172
2103	172
2104	172
2105	172
2106	172
2107	176
2108	176
2109	176
2110	180
2111	180
2112	182
2113	184
2114	186
2115	188
2116	188
2117	188
2118	192
2119	192
2120	192
2121	192
2122	192
2123	192
2124	191
2125	190
2126	189
2127	188
2128	188
2129	184
2130	184
2131	180
2132	180
2133	176
2134	172
2135	172
2136	172
2137	168
2138	164
2139	164
2140	160
2141	160
2142	156
2143	156
2144	156
2145	152
2146	152
2147	152
2148	152
2149	152
2150	152
2151	146
2152	140
2153	136
2154	136
2155	136
2156	132
2157	132
2158	132
2159	124
2160	124
2161	120
2162	120
2163	116
2164	112
2165	112
2166	108
2167	104
2168	100
2169	100
2170	92
2171	92
2172	88
2173	84
2174	84
2175	81
2176	78
2177	75
2178	72
2179	72
2180	64
2181	63
2182	62
2183	61
2184	60
2185	60
2186	56
2187	56
2188	52
2189	52
2190	52
2191	48
2192	48
2193	48
2194	48
2195	48
2196	44
2197	44
2198	44
2199	44
2200	44
2201	44
2202	44
2203	44
2204	44
2205	44
2206	40
2207	40
2208	40
2209	40
2210	40
2211	40
2212	40
2213	40
2214	40
2215	40
2216	40
2217	40
2218	40
2219	40
2220	40
2221	40
2222	40
2223	40
2224	40
2225	40
2226	40
2227	40
2228	40
2229	40
2230	40
2231	40
2232	44
2233	44
2234	44
2235	44
2236	44
2237	44
2238	44
2239	44
2240	44
2241	44
2242	44
2243	48
2244	48
2245	44
2246	48
2247	48
2248	48
2249	48
2250	44
2251	44
2252	44
2253	44
2254	44
2255	44
2256	44
2257	44
2258	44
2259	44
2260	44
2261	44
2262	44
2263	40
2264	40
2265	40
2266	40
2267	40
2268	40
2269	40
2270	40
2271	40
2272	40
2273	40
2274	40
2275	40
2276	40
2277	40
2278	40
2279	40
