92	436
93	436
94	436
95	436
96	432
97	412
98	404
99	376
100	368
101	356
102	344
103	332
104	320
105	312
106	304
107	296
108	288
109	284
110	280
111	276
112	276
113	276
114	276
115	276
116	277
117	278
118	279
119	280
120	312
121	320
122	340
123	352
124	364
125	384
126	400
127	424
128	444
129	460
130	480
131	512
132	532
133	552
134	576
135	588
136	616
137	628
138	644
139	656
140	664
141	676
142	688
143	692
144	692
145	696
146	696
147	692
148	684
149	676
150	664
151	660
152	648
153	636
154	620
155	600
156	584
157	568
158	552
159	536
160	516
161	492
162	476
163	460
164	444
165	428
166	412
167	392
168	380
169	364
170	348
171	336
172	328
173	316
174	312
175	308
176	300
177	296
178	292
179	292
180	292
181	292
182	296
183	300
184	304
185	308
186	316
187	324
188	328
189	332
190	340
191	352
192	364
193	376
194	377
195	378
196	379
197	380
198	452
199	476
200	500
201	520
202	536
203	560
204	584
205	600
206	628
207	648
208	672
209	700
210	712
211	744
212	756
213	772
214	788
215	800
216	812
217	820
218	828
219	836
220	836
221	840
222	836
223	836
224	828
225	824
226	812
227	804
228	788
229	776
230	757
231	738
232	719
233	700
234	680
235	660
236	640
237	620
238	600
239	576
240	560
241	540
242	512
243	500
244	484
245	468
246	452
247	432
248	424
249	412
250	400
251	392
252	384
253	376
254	372
255	372
256	368
257	368
258	368
259	372
260	372
261	376
262	380
263	384
264	392
265	392
266	400
267	404
268	412
269	420
270	424
271	436
272	444
273	456
274	464
275	472
276	484
277	496
278	508
279	520
280	532
281	540
282	556
283	564
284	576
285	588
286	596
287	608
288	616
289	624
290	632
291	632
292	640
293	640
294	644
295	644
296	640
297	640
298	636
299	632
300	624
301	616
302	608
303	600
304	588
305	576
306	564
307	544
308	536
309	524
310	508
311	496
312	480
313	464
314	452
315	436
316	424
317	408
318	396
319	380
320	372
321	360
322	352
323	344
324	336
325	328
326	320
327	316
328	312
329	308
330	308
331	304
332	304
333	308
334	308
335	312
336	316
337	320
338	328
339	336
340	344
341	352
342	360
343	372
344	384
345	396
346	420
347	432
348	448
349	468
350	488
351	512
352	528
353	552
354	572
355	592
356	612
357	632
358	648
359	664
360	676
361	692
362	704
363	716
364	728
365	736
366	748
367	752
368	760
369	760
370	764
371	764
372	764
373	760
374	756
375	752
376	748
377	740
378	732
379	724
380	716
381	708
382	696
383	680
384	668
385	648
386	640
387	620
388	604
389	584
390	568
391	552
392	536
393	520
394	504
395	488
396	472
397	456
398	444
399	428
400	412
401	400
402	380
403	376
404	368
405	356
406	348
407	340
408	332
409	324
410	319
411	314
412	309
413	304
414	304
415	300
416	300
417	300
418	300
419	300
420	304
421	304
422	308
423	312
424	316
425	324
426	328
427	332
428	340
429	344
430	352
431	356
432	360
433	368
434	372
435	380
436	384
437	392
438	396
439	400
440	404
441	404
442	408
443	408
444	412
445	408
446	412
447	408
448	408
449	404
450	400
451	396
452	392
453	388
454	380
455	372
456	364
457	356
458	352
459	344
460	332
461	324
462	312
463	300
464	296
465	288
466	276
467	260
468	252
469	244
470	236
471	232
472	220
473	212
474	204
475	196
476	188
477	184
478	176
479	172
480	164
481	160
482	152
483	148
484	148
485	144
486	140
487	140
488	136
489	136
490	136
491	136
492	132
493	132
494	136
495	136
496	136
497	136
498	140
499	140
500	140
501	144
502	148
503	148
504	148
505	152
506	156
507	156
508	160
509	164
510	164
511	168
512	168
513	172
514	176
515	176
516	180
517	180
518	184
519	184
520	188
521	188
522	188
523	192
524	192
525	192
526	192
527	192
528	192
529	192
530	192
531	192
532	188
533	188
534	188
535	184
536	184
537	180
538	176
539	172
540	170
541	168
542	164
543	156
544	152
545	144
546	144
547	140
548	132
549	132
550	128
551	120
552	116
553	112
554	108
555	104
556	100
557	96
558	92
559	88
560	88
561	84
562	80
563	76
564	76
565	72
566	72
567	68
568	68
569	64
570	64
571	64
572	64
573	60
574	60
575	60
576	60
577	60
578	56
579	56
580	56
581	56
582	56
583	56
584	56
585	56
586	56
587	52
588	52
589	52
590	52
591	52
592	52
593	52
594	48
595	48
596	48
597	48
598	48
599	48
600	48
601	48
602	48
603	48
604	44
605	44
606	44
607	44
608	44
609	48
610	48
611	48
612	48
613	48
614	48
615	48
616	48
617	48
618	48
619	48
620	48
621	48
622	48
623	48
624	48
625	48
626	48
627	48
628	48
629	48
630	48
631	48
632	52
633	52
634	52
635	52
636	52
637	52
638	52
639	52
640	52
641	52
642	52
643	52
644	52
645	52
646	52
647	52
648	52
649	52
650	56
651	56
652	56
653	56
654	56
655	56
656	56
657	56
658	56
659	56
660	56
661	56
662	56
663	56
664	56
665	56
666	56
667	56
668	56
669	56
670	56
671	56
672	56
673	56
674	56
675	56
676	56
677	56
678	56
679	56
680	56
681	55
682	54
683	53
684	52
685	52
686	52
687	52
688	52
689	52
690	52
691	48
692	48
693	48
694	48
695	48
696	48
697	48
698	48
699	48
700	48
701	48
702	48
703	48
704	48
705	48
706	48
707	48
708	48
709	48
710	48
711	52
712	52
713	52
714	52
715	56
716	56
717	60
718	60
719	60
720	64
721	64
722	68
723	72
724	76
725	76
726	80
727	84
728	88
729	92
730	96
731	100
732	104
733	108
734	112
735	116
736	124
737	132
738	132
739	140
740	144
741	148
742	156
743	160
744	164
745	168
746	176
747	180
748	180
749	184
750	188
751	188
752	192
753	196
754	196
755	196
756	196
757	196
758	196
759	192
760	192
761	188
762	184
763	180
764	180
765	176
766	172
767	168
768	164
769	160
770	156
771	152
772	148
773	148
774	140
775	136
776	136
777	132
778	132
779	128
780	128
781	128
782	124
783	124
784	128
785	128
786	128
787	128
788	132
789	132
790	136
791	136
792	140
793	144
794	148
795	152
796	160
797	160
798	168
799	176
800	180
801	192
802	192
803	204
804	216
805	224
806	236
807	248
808	256
809	276
810	284
811	292
812	312
813	328
814	336
815	352
816	368
817	384
818	392
819	400
820	416
821	428
822	436
823	448
824	460
825	468
826	472
827	476
828	480
829	484
830	484
831	484
832	484
833	480
834	480
835	476
836	472
837	468
838	464
839	456
840	456
841	448
842	440
843	436
844	428
845	416
846	416
847	408
848	396
849	392
850	380
851	372
852	368
853	352
854	348
855	340
856	332
857	328
858	320
859	316
860	308
861	300
862	296
863	292
864	288
865	284
866	284
867	280
868	280
869	284
870	284
871	288
872	296
873	300
874	312
875	320
876	328
877	348
878	352
879	376
880	396
881	408
882	436
883	452
884	472
885	512
886	516
887	552
888	576
889	600
890	628
891	640
892	668
893	696
894	704
895	728
896	736
897	756
898	766
899	776
900	788
901	792
902	796
903	796
904	796
905	792
906	784
907	784
908	772
909	768
910	752
911	736
912	728
913	708
914	684
915	680
916	660
917	648
918	628
919	604
920	596
921	568
922	548
923	536
924	516
925	504
926	484
927	472
928	456
929	432
930	420
931	404
932	392
933	380
934	364
935	348
936	344
937	328
938	322
939	316
940	310
941	304
942	304
943	300
944	300
945	304
946	308
947	312
948	316
949	328
950	332
951	352
952	356
953	376
954	400
955	408
956	432
957	448
958	476
959	488
960	516
961	548
962	568
963	592
964	604
965	640
966	664
967	672
968	700
969	704
970	728
971	740
972	744
973	756
974	760
975	764
976	764
977	764
978	760
979	756
980	740
981	736
982	724
983	704
984	700
985	672
986	660
987	640
988	612
989	604
990	572
991	560
992	540
993	524
994	508
995	480
996	472
997	448
998	440
999	420
1000	400
1001	396
1002	380
1003	372
1004	360
1005	352
1006	348
1007	344
1008	340
1009	340
1010	340
1011	340
1012	344
1013	344
1014	348
1015	352
1016	360
1017	364
1018	376
1019	384
1020	392
1021	404
1022	408
1023	428
1024	432
1025	456
1026	464
1027	484
1028	516
1029	524
1030	552
1031	568
1032	596
1033	608
1034	640
1035	656
1036	696
1037	720
1038	728
1039	764
1040	772
1041	794
1042	816
1043	840
1044	856
1045	868
1046	884
1047	888
1048	900
1049	904
1050	908
1051	908
1052	908
1053	904
1054	900
1055	888
1056	884
1057	868
1058	860
1059	840
1060	832
1061	808
1062	792
1063	772
1064	740
1065	732
1066	700
1067	692
1068	656
1069	644
1070	616
1071	588
1072	576
1073	544
1074	540
1075	512
1076	500
1077	484
1078	472
1079	456
1080	440
1081	436
1082	424
1083	424
1084	416
1085	416
1086	412
1087	412
1088	412
1089	412
1090	416
1091	420
1092	424
1093	428
1094	432
1095	440
1096	444
1097	452
1098	464
1099	464
1100	480
1101	480
1102	496
1103	500
1104	516
1105	524
1106	536
1107	548
1108	564
1109	580
1110	588
1111	604
1112	612
1113	628
1114	632
1115	652
1116	656
1117	668
1118	672
1119	684
1120	688
1121	696
1122	696
1123	704
1124	704
1125	704
1126	704
1127	700
1128	696
1129	688
1130	680
1131	676
1132	664
1133	656
1134	646
1135	636
1136	616
1137	608
1138	588
1139	580
1140	560
1141	548
1142	528
1143	508
1144	496
1145	476
1146	472
1147	456
1148	440
1149	420
1150	416
1151	396
1152	392
1153	380
1154	376
1155	364
1156	360
1157	352
1158	348
1159	344
1160	344
1161	344
1162	340
1163	344
1164	344
1165	348
1166	356
1167	360
1168	368
1169	376
1170	388
1171	392
1172	408
1173	412
1174	440
1175	440
1176	468
1177	476
1178	504
1179	516
1180	544
1181	560
1182	592
1183	616
1184	628
1185	656
1186	672
1187	704
1188	704
1189	736
1190	748
1191	768
1192	772
1193	792
1194	796
1195	812
1196	816
1197	824
1198	828
1199	832
1200	832
1201	832
1202	832
1203	828
1204	824
1205	816
1206	812
1207	804
1208	788
1209	784
1210	776
1211	760
1212	744
1213	740
1214	716
1215	708
1216	680
1217	676
1218	648
1219	632
1220	612
1221	600
1222	576
1223	568
1224	536
1225	532
1226	508
1227	492
1228	476
1229	468
1230	448
1231	436
1232	426
1233	416
1234	396
1235	388
1236	380
1237	372
1238	364
1239	356
1240	344
1241	344
1242	336
1243	336
1244	332
1245	332
1246	328
1247	328
1248	332
1249	332
1250	332
1251	336
1252	340
1253	344
1254	352
1255	356
1256	364
1257	368
1258	372
1259	380
1260	388
1261	392
1262	404
1263	408
1264	412
1265	420
1266	424
1267	432
1268	432
1269	436
1270	440
1271	444
1272	444
1273	448
1274	448
1275	448
1276	448
1277	444
1278	444
1279	436
1280	436
1281	428
1282	424
1283	416
1284	412
1285	404
1286	396
1287	384
1288	380
1289	364
1290	360
1291	344
1292	340
1293	324
1294	316
1295	304
1296	300
1297	284
1298	280
1299	264
1300	256
1301	248
1302	240
1303	224
1304	224
1305	208
1306	204
1307	196
1308	192
1309	180
1310	180
1311	172
1312	168
1313	164
1314	160
1315	156
1316	156
1317	152
1318	148
1319	148
1320	148
1321	148
1322	148
1323	148
1324	148
1325	148
1326	152
1327	152
1328	152
1329	156
1330	156
1331	160
1332	164
1333	164
1334	168
1335	168
1336	172
1337	172
1338	176
1339	180
1340	184
1341	184
1342	188
1343	188
1344	192
1345	196
1346	196
1347	200
1348	200
1349	204
1350	204
1351	204
1352	208
1353	208
1354	208
1355	208
1356	208
1357	208
1358	208
1359	208
1360	208
1361	208
1362	204
1363	204
1364	200
1365	200
1366	199
1367	198
1368	197
1369	196
1370	186
1371	176
1372	168
1373	164
1374	160
1375	156
1376	148
1377	148
1378	140
1379	136
1380	132
1381	124
1382	124
1383	116
1384	116
1385	108
1386	104
1387	100
1388	96
1389	92
1390	92
1391	84
1392	84
1393	80
1394	76
1395	76
1396	76
1397	72
1398	72
1399	68
1400	68
1401	68
1402	64
1403	64
1404	64
1405	64
1406	60
1407	60
1408	60
1409	60
1410	60
1411	60
1412	60
1413	60
1414	60
1415	60
1416	56
1417	56
1418	56
1419	56
1420	56
1421	56
1422	56
1423	52
1424	52
1425	52
1426	52
1427	52
1428	52
1429	52
1430	48
1431	48
1432	48
1433	48
1434	48
1435	48
1436	48
1437	48
1438	48
1439	48
1440	48
1441	48
1442	48
1443	48
1444	48
1445	48
1446	48
1447	48
1448	48
1449	48
1450	48
1451	48
1452	48
1453	52
1454	52
1455	52
1456	52
1457	52
1458	52
1459	52
1460	52
1461	52
1462	52
1463	52
1464	52
1465	52
1466	52
1467	52
1468	52
1469	52
1470	52
1471	52
1472	52
1473	52
1474	52
1475	52
1476	52
1477	52
1478	52
1479	56
1480	56
1481	56
1482	56
1483	56
1484	56
1485	56
1486	56
1487	56
1488	56
1489	56
1490	56
1491	60
1492	60
1493	60
1494	60
1495	60
1496	60
1497	60
1498	60
1499	60
1500	60
1501	60
1502	60
1503	60
1504	60
1505	60
1506	60
1507	60
1508	60
1509	60
1510	60
1511	60
1512	60
1513	60
1514	60
1515	60
1516	60
1517	56
1518	56
1519	56
1520	56
1521	56
1522	56
1523	56
1524	56
1525	56
1526	52
1527	52
1528	52
1529	52
1530	52
1531	52
1532	52
1533	52
1534	52
1535	52
1536	52
1537	56
1538	56
1539	56
1540	56
1541	56
1542	60
1543	60
1544	60
1545	64
1546	64
1547	68
1548	68
1549	72
1550	72
1551	76
1552	80
1553	80
1554	84
1555	88
1556	92
1557	96
1558	96
1559	104
1560	108
1561	112
1562	116
1563	124
1564	128
1565	132
1566	140
1567	140
1568	152
1569	152
1570	160
1571	164
1572	172
1573	176
1574	176
1575	188
1576	188
1577	192
1578	196
1579	200
1580	202
1581	203
1582	205
1583	206
1584	208
1585	208
1586	208
1587	208
1588	208
1589	204
1590	204
1591	200
1592	196
1593	192
1594	188
1595	188
1596	180
1597	180
1598	172
1599	168
1600	160
1601	160
1602	156
1603	152
1604	148
1605	144
1606	144
1607	140
1608	140
1609	136
1610	136
1611	136
1612	132
1613	132
1614	136
1615	136
1616	136
1617	136
1618	140
1619	144
1620	144
1621	148
1622	152
1623	152
1624	160
1625	160
1626	172
1627	172
1628	180
1629	186
1630	192
1631	208
1632	212
1633	228
1634	232
1635	240
1636	256
1637	264
1638	284
1639	292
1640	312
1641	320
1642	328
1643	352
1644	360
1645	388
1646	392
1647	404
1648	424
1649	432
1650	452
1651	456
1652	472
1653	480
1654	484
1655	496
1656	500
1657	508
1658	508
1659	508
1660	512
1661	512
1662	512
1663	512
1664	508
1665	504
1666	500
1667	492
1668	492
1669	488
1670	480
1671	476
1672	464
1673	464
1674	452
1675	444
1676	444
1677	428
1678	424
1679	412
1680	404
1681	400
1682	388
1683	384
1684	368
1685	364
1686	360
1687	348
1688	344
1689	336
1690	332
1691	328
1692	320
1693	320
1694	312
1695	312
1696	312
1697	312
1698	312
1699	316
1700	320
1701	328
1702	332
1703	336
1704	348
1705	360
1706	380
1707	396
1708	400
1709	432
1710	444
1711	476
1712	500
1713	508
1714	544
1715	572
1716	600
1717	616
1718	636
1719	672
1720	696
1721	728
1722	736
1723	764
1724	780
1725	788
1726	816
1727	820
1728	832
1729	844
1730	848
1731	856
1732	856
1733	856
1734	852
1735	848
1736	840
1737	836
1738	816
1739	812
1740	800
1741	780
1742	776
1743	748
1744	740
1745	708
1746	696
1747	692
1748	670
1749	648
1750	626
1751	604
1752	588
1753	560
1754	552
1755	516
1756	512
1757	492
1758	468
1759	464
1760	436
1761	424
1762	416
1763	392
1764	388
1765	364
1766	360
1767	356
1768	340
1769	340
1770	328
1771	328
1772	328
1773	324
1774	324
1775	328
1776	332
1777	336
1778	352
1779	356
1780	368
1781	388
1782	392
1783	428
1784	436
1785	452
1786	484
1787	496
1788	544
1789	552
1790	564
1791	593
1792	622
1793	651
1794	680
1795	684
1796	728
1797	732
1798	752
1799	768
1800	776
1801	796
1802	800
1803	804
1804	808
1805	808
1806	804
1807	804
1808	800
1809	784
1810	780
1811	752
1812	748
1813	736
1814	708
1815	700
1816	660
1817	656
1818	644
1819	608
1820	600
1821	556
1822	552
1823	540
1824	504
1825	496
1826	456
1827	452
1828	448
1829	420
1830	412
1831	404
1832	384
1833	380
1834	364
1835	364
1836	360
1837	352
1838	352
1839	352
1840	352
1841	352
1842	356
1843	360
1844	372
1845	372
1846	376
1847	388
1848	392
1849	408
1850	416
1851	420
1852	444
1853	452
1854	480
1855	488
1856	496
1857	532
1858	540
1859	556
1860	596
1861	604
1862	652
1863	660
1864	680
1865	720
1866	728
1867	768
1868	784
1869	792
1870	836
1871	844
1872	876
1873	888
1874	892
1875	916
1876	920
1877	932
1878	940
1879	940
1880	944
1881	944
1882	944
1883	936
1884	928
1885	916
1886	908
1887	900
1888	876
1889	868
1890	848
1891	820
1892	812
1893	776
1894	756
1895	748
1896	708
1897	696
1898	656
1899	640
1900	636
1901	588
1902	584
1903	568
1904	540
1905	532
1906	496
1907	492
1908	488
1909	464
1910	460
1911	452
1912	440
1913	440
1914	432
1915	428
1916	428
1917	430
1918	432
1919	434
1920	436
1921	436
1922	448
1923	448
1924	456
1925	464
1926	468
1927	480
1928	484
1929	488
1930	504
1931	508
1932	516
1933	532
1934	540
1935	560
1936	568
1937	576
1938	596
1939	608
1940	616
1941	636
1942	640
1943	664
1944	672
1945	672
1946	696
1947	696
1948	700
1949	712
1950	712
1951	724
1952	724
1953	724
1954	724
1955	724
1956	724
1957	716
1958	716
1959	704
1960	696
1961	692
1962	676
1963	668
1964	660
1965	640
1966	632
1967	604
1968	592
1969	580
1970	560
1971	548
1972	536
1973	512
1974	504
1975	480
1976	464
1977	460
1978	446
1979	432
1980	408
1981	404
1982	400
1983	380
1984	380
1985	376
1986	364
1987	364
1988	356
1989	356
1990	352
1991	352
1992	352
1993	356
1994	360
1995	360
1996	372
1997	376
1998	384
1999	396
2000	400
2001	424
2002	432
2003	440
2004	468
2005	480
2006	492
2007	528
2008	532
2009	576
2010	580
2011	588
2012	632
2013	640
2014	656
2015	692
2016	700
2017	740
2018	748
2019	756
2020	788
2021	792
2022	808
2023	824
2024	828
2025	840
2026	844
2027	848
2028	852
2029	854
2030	856
2031	852
2032	852
2033	840
2034	840
2035	836
2036	820
2037	816
2038	812
2039	792
2040	788
2041	776
2042	756
2043	748
2044	716
2045	708
2046	704
2047	668
2048	660
2049	644
2050	616
2051	596
2052	592
2053	564
2054	552
2055	520
2056	512
2057	508
2058	476
2059	468
2060	464
2061	440
2062	432
2063	416
2064	404
2065	400
2066	380
2067	376
2068	376
2069	360
2070	360
2071	356
2072	348
2073	348
2074	344
2075	342
2076	340
2077	344
2078	344
2079	344
2080	352
2081	352
2082	356
2083	364
2084	368
2085	380
2086	384
2087	384
2088	396
2089	400
2090	404
2091	411
2092	418
2093	425
2094	432
2095	436
2096	444
2097	448
2098	448
2099	456
2100	460
2101	460
2102	460
2103	460
2104	464
2105	460
2106	460
2107	456
2108	452
2109	447
2110	442
2111	437
2112	432
2113	424
2114	416
2115	408
2116	398
2117	388
2118	378
2119	368
2120	364
2121	344
2122	336
2123	328
2124	312
2125	308
2126	284
2127	280
2128	272
2129	256
2130	248
2131	244
2132	228
2133	224
2134	216
2135	204
2136	204
2137	192
2138	188
2139	184
2140	179
2141	174
2142	169
2143	164
2144	160
2145	156
2146	154
2147	152
2148	152
2149	152
2150	152
2151	152
2152	152
2153	152
2154	152
2155	152
2156	156
2157	156
2158	156
2159	160
2160	164
2161	164
2162	168
2163	172
2164	172
2165	176
2166	176
2167	184
2168	184
2169	184
2170	192
2171	192
2172	192
2173	196
2174	200
2175	204
2176	204
2177	204
2178	208
2179	208
2180	212
2181	212
2182	212
2183	216
2184	216
2185	216
2186	216
2187	216
2188	216
2189	216
2190	212
2191	208
2192	208
2193	204
2194	204
2195	200
2196	192
2197	192
2198	188
2199	184
2200	180
2201	176
2202	168
2203	164
2204	156
2205	152
2206	152
2207	140
2208	140
2209	136
2210	128
2211	124
2212	120
2213	112
2214	112
2215	108
2216	100
2217	100
2218	92
2219	92
2220	88
2221	84
2222	80
2223	80
2224	76
2225	76
2226	76
2227	76
2228	76
2229	76
2230	68
2231	68
2232	64
2233	64
2234	64
2235	64
2236	64
2237	64
2238	60
2239	60
2240	60
2241	60
2242	60
2243	60
2244	60
2245	60
2246	60
2247	56
2248	56
2249	56
2250	56
2251	56
2252	56
2253	56
2254	52
2255	52
2256	52
2257	52
2258	52
2259	52
2260	52
2261	48
2262	48
2263	48
2264	48
2265	48
2266	48
2267	48
2268	48
2269	48
2270	48
2271	48
2272	48
2273	48
