1 0
2 7489
3 15454
4 15959
5 15829
6 15532
7 15199
8 14808
9 14622
10 14532
11 13850
12 13972
13 13919
14 13486
15 13636
16 13302
17 13132
18 13452
19 13347
20 13213
21 13528
22 13336
23 13337
24 13674
25 13518
26 13512
27 13783
28 13708
29 14000
30 14158
31 14198
32 14145
33 14118
34 13943
35 14234
36 14202
37 13981
38 14091
39 13845
40 13566
41 14004
42 14209
43 14362
44 14952
45 15115
46 15596
47 16851
48 17239
49 17796
50 18454
51 18491
52 18604
53 18486
54 18008
55 17662
56 16968
57 16170
58 15871
59 15234
60 14914
61 14391
62 13746
63 13311
64 13473
65 12963
66 12600
67 12599
68 12069
69 11852
70 11825
71 11682
72 11653
73 11507
74 11194
75 11045
76 10957
77 10587
78 10370
79 10261
80 9980
81 9992
82 9958
83 9773
84 9828
85 9583
86 9569
87 9729
88 9251
89 9312
90 9376
91 9225
92 9159
93 9365
94 9016
95 8883
96 9145
97 9039
98 9060
99 8747
100 8865
101 8988
102 8848
103 9002
104 8879
105 8696
106 8621
107 8757
108 8819
109 8694
110 8697
111 8696
112 8605
113 8554
114 8507
115 8325
116 8587
117 8427
118 8308
119 8591
120 8250
121 8559
122 8503
123 8343
124 8376
125 8544
126 8538
127 8371
128 8326
129 8342
130 8389
131 8184
132 8215
133 8383
134 8541
135 8111
136 8507
137 8188
138 8293
139 8400
140 8216
141 8235
142 8305
143 8248
144 8282
145 8363
146 8314
147 8244
148 8348
149 8253
150 8413
151 8338
152 8295
153 8494
154 8345
155 8488
156 8461
157 8250
158 8270
159 8450
160 8411
161 8387
162 8590
163 8447
164 8549
165 8593
166 8411
167 8606
168 8485
169 8495
170 8644
171 8688
172 8580
173 8728
174 8712
175 8708
176 8822
177 8680
178 8590
179 8844
180 8721
181 8867
182 8933
183 8917
184 8939
185 9195
186 8988
187 9056
188 9204
189 9085
190 9171
191 9321
192 9112
193 9412
194 9186
195 9077
196 9511
197 9508
198 9623
199 9735
200 9670
201 9630
202 9807
203 9760
204 9792
205 10254
206 10221
207 10102
208 10362
209 10347
210 10317
211 10447
212 10453
213 10418
214 10564
215 10483
216 10359
217 10343
218 10004
219 10161
220 9539
221 9536
222 9161
223 8966
224 8644
225 8345
226 8119
227 7937
228 7636
229 7297
230 7250
231 7211
232 6819
233 6562
234 6566
235 6358
236 6272
237 6247
238 6265
239 6246
240 6143
241 6156
242 6207
243 6239
244 6132
245 6356
246 6121
247 6231
248 6426
249 6460
250 6407
251 6493
252 6477
253 6800
254 6964
255 6968
256 7227
257 7674
258 7792
259 8473
260 8872
261 9314
262 10140
263 10409
264 10717
265 11380
266 11493
267 11715
268 12111
269 12088
270 11628
271 11601
272 11033
273 10482
274 9842
275 8940
276 8107
277 7608
278 6640
279 5923
280 5146
281 4491
282 3890
283 3213
284 2783
285 2547
286 2263
287 2036
288 2080
289 2017
290 2257
291 2379
292 2585
293 2979
294 3320
295 3780
296 4330
297 4903
298 5280
299 5741
300 6505
301 6905
302 7321
303 7672
304 7799
305 8014
306 8132
307 7795
308 7834
309 7683
310 7170
311 6773
312 6258
313 5749
314 5143
315 4722
316 4031
317 3603
318 3041
319 2587
320 2206
321 1869
322 1483
323 1237
324 1015
325 810
326 715
327 569
328 428
329 374
330 340
331 293
332 260
333 209
334 258
335 208
336 203
337 203
338 192
339 180
340 188
341 191
342 165
343 195
344 162
345 169
346 171
347 190
348 180
349 175
350 152
351 165
352 169
353 138
354 163
355 167
356 169
357 175
358 167
359 154
360 164
361 164
362 160
363 152
364 164
365 154
366 172
367 141
368 139
369 164
370 156
371 168
372 145
373 145
374 144
375 147
376 142
377 149
378 143
379 132
380 145
381 119
382 111
383 137
384 139
385 122
386 146
387 123
388 117
389 130
390 129
391 127
392 112
393 131
394 112
395 115
396 120
397 106
398 121
399 125
400 121
401 108
402 107
403 112
404 123
405 121
406 128
407 122
408 116
409 108
410 124
411 93
412 122
413 93
414 90
415 111
416 93
417 101
418 116
419 112
420 109
421 108
422 90
423 93
424 107
425 92
426 94
427 116
428 75
429 103
430 106
431 96
432 99
433 121
434 95
435 82
436 78
437 90
438 93
439 103
440 120
441 98
442 91
443 103
444 83
445 79
446 94
447 79
448 106
449 89
450 105
451 105
452 91
453 83
454 94
455 82
456 77
457 88
458 89
459 93
460 85
461 82
462 86
463 82
464 86
465 88
466 82
467 74
468 70
469 72
470 75
471 84
472 83
473 74
474 74
475 76
476 78
477 72
478 85
479 57
480 72
481 74
482 58
483 53
484 66
485 58
486 83
487 62
488 61
489 66
490 64
491 44
492 63
493 68
494 63
495 60
496 60
497 56
498 68
499 57
500 62
501 65
502 69
503 54
504 44
505 63
506 65
507 77
508 60
509 56
510 50
511 61
512 70
