0.0000 760
1.0000 777
2.0000 752
3.0000 765
4.0000 740
5.0000 726
6.0000 748
7.0000 751
8.0000 801
9.0000 752
10.0000 754
11.0000 748
12.0000 798
13.0000 739
14.0000 770
15.0000 736
16.0000 735
17.0000 745
18.0000 819
19.0000 692
20.0000 757
21.0000 766
22.0000 780
23.0000 755
24.0000 760
25.0000 736
26.0000 801
27.0000 777
28.0000 780
29.0000 735
30.0000 721
31.0000 733
32.0000 779
33.0000 688
34.0000 721
35.0000 677
36.0000 635
37.0000 646
38.0000 689
39.0000 698
40.0000 698
41.0000 717
42.0000 726
43.0000 747
44.0000 768
45.0000 753
46.0000 772
47.0000 755
48.0000 793
49.0000 751
50.0000 741
51.0000 768
52.0000 748
53.0000 765
54.0000 754
55.0000 780
56.0000 781
57.0000 815
58.0000 792
59.0000 745
60.0000 750
61.0000 751
62.0000 752
63.0000 749
64.0000 819
65.0000 797
66.0000 716
67.0000 795
68.0000 769
69.0000 785
70.0000 714
71.0000 743
72.0000 686
73.0000 737
74.0000 685
75.0000 691
76.0000 635
77.0000 653
78.0000 694
79.0000 660
80.0000 746
81.0000 762
82.0000 741
83.0000 738
84.0000 754
85.0000 805
86.0000 757
87.0000 770
88.0000 783
89.0000 774
90.0000 748
91.0000 819
92.0000 764
93.0000 752
94.0000 775
95.0000 717
96.0000 726
97.0000 745
98.0000 779
99.0000 737
100.0000 794
101.0000 787
102.0000 745
103.0000 734
104.0000 744
105.0000 733
106.0000 782
107.0000 810
108.0000 755
109.0000 759
110.0000 748
111.0000 753
112.0000 748
113.0000 711
114.0000 769
115.0000 689
116.0000 761
117.0000 681
118.0000 739
119.0000 694
120.0000 740
121.0000 760
122.0000 787
123.0000 765
124.0000 744
125.0000 737
126.0000 785
127.0000 715
128.0000 770
129.0000 771
130.0000 758
131.0000 710
132.0000 740
133.0000 760
134.0000 742
135.0000 712
136.0000 782
137.0000 739
138.0000 771
139.0000 774
140.0000 789
141.0000 765
142.0000 734
143.0000 746
144.0000 732
145.0000 664
146.0000 698
147.0000 708
148.0000 786
149.0000 777
150.0000 736
151.0000 728
152.0000 733
153.0000 730
154.0000 758
155.0000 745
156.0000 771
157.0000 773
158.0000 792
159.0000 748
160.0000 788
161.0000 774
162.0000 761
163.0000 771
164.0000 730
165.0000 735
166.0000 767
167.0000 743
168.0000 766
169.0000 767
170.0000 743
171.0000 737
172.0000 767
173.0000 726
174.0000 806
175.0000 750
176.0000 722
177.0000 739
178.0000 760
179.0000 716
180.0000 754
181.0000 723
182.0000 705
183.0000 687
184.0000 660
185.0000 649
186.0000 636
187.0000 673
188.0000 702
189.0000 757
190.0000 760
191.0000 771
192.0000 740
193.0000 751
194.0000 775
195.0000 750
196.0000 776
197.0000 771
198.0000 735
199.0000 764
200.0000 731
201.0000 686
202.0000 750
203.0000 713
204.0000 757
205.0000 733
206.0000 767
207.0000 782
208.0000 798
209.0000 733
210.0000 762
211.0000 712
212.0000 785
213.0000 768
214.0000 770
215.0000 770
216.0000 736
217.0000 721
218.0000 780
219.0000 739
220.0000 739
221.0000 703
222.0000 674
223.0000 675
224.0000 629
225.0000 601
226.0000 643
227.0000 724
228.0000 684
229.0000 705
230.0000 729
231.0000 669
232.0000 726
233.0000 706
234.0000 745
235.0000 784
236.0000 736
237.0000 748
238.0000 771
239.0000 759
240.0000 701
241.0000 787
242.0000 740
243.0000 789
244.0000 820
245.0000 779
246.0000 752
247.0000 775
248.0000 771
249.0000 722
250.0000 796
251.0000 760
252.0000 741
253.0000 732
254.0000 809
255.0000 774
256.0000 747
257.0000 792
258.0000 760
259.0000 729
260.0000 794
261.0000 752
262.0000 739
263.0000 763
264.0000 789
265.0000 773
266.0000 739
267.0000 764
268.0000 750
269.0000 796
270.0000 731
271.0000 726
272.0000 731
273.0000 766
274.0000 711
275.0000 748
276.0000 723
277.0000 735
278.0000 789
279.0000 781
280.0000 682
281.0000 731
282.0000 779
283.0000 731
284.0000 719
285.0000 659
286.0000 624
287.0000 639
288.0000 634
289.0000 649
290.0000 703
291.0000 701
292.0000 755
293.0000 775
294.0000 759
295.0000 719
296.0000 731
297.0000 788
298.0000 748
299.0000 733
300.0000 794
301.0000 776
302.0000 751
303.0000 788
304.0000 750
305.0000 763
306.0000 729
307.0000 762
308.0000 750
309.0000 778
310.0000 752
311.0000 770
312.0000 746
313.0000 782
314.0000 769
315.0000 768
316.0000 768
317.0000 759
318.0000 733
319.0000 727
320.0000 706
321.0000 774
322.0000 787
323.0000 772
324.0000 705
325.0000 680
326.0000 632
327.0000 642
328.0000 663
329.0000 742
330.0000 709
331.0000 732
332.0000 766
333.0000 774
334.0000 716
335.0000 694
336.0000 798
337.0000 779
338.0000 760
339.0000 743
340.0000 722
341.0000 798
342.0000 725
343.0000 734
344.0000 748
345.0000 774
346.0000 798
347.0000 741
348.0000 764
349.0000 781
350.0000 716
351.0000 757
352.0000 767
353.0000 752
354.0000 762
355.0000 767
356.0000 755
357.0000 722
358.0000 766
359.0000 730
360.0000 748
361.0000 749
362.0000 754
363.0000 762
364.0000 704
365.0000 708
366.0000 701
367.0000 738
368.0000 721
369.0000 747
370.0000 755
371.0000 743
372.0000 792
373.0000 762
374.0000 789
375.0000 775
376.0000 745
377.0000 788
378.0000 791
379.0000 771
380.0000 758
381.0000 797
382.0000 752
383.0000 741
384.0000 775
385.0000 767
386.0000 791
387.0000 719
388.0000 750
389.0000 750
390.0000 783
391.0000 696
392.0000 763
393.0000 770
394.0000 630
395.0000 685
396.0000 672
397.0000 695
398.0000 732
399.0000 738
400.0000 753
401.0000 755
402.0000 733
403.0000 733
404.0000 756
405.0000 758
406.0000 788
407.0000 735
408.0000 741
409.0000 761
410.0000 761
411.0000 822
412.0000 740
413.0000 741
414.0000 742
415.0000 711
416.0000 716
417.0000 746
418.0000 726
419.0000 776
420.0000 742
421.0000 713
422.0000 749
423.0000 755
424.0000 760
425.0000 724
426.0000 734
427.0000 726
428.0000 730
429.0000 751
430.0000 794
431.0000 707
432.0000 712
433.0000 644
434.0000 615
435.0000 640
436.0000 684
437.0000 692
438.0000 706
439.0000 721
440.0000 738
441.0000 820
442.0000 801
443.0000 792
444.0000 770
445.0000 768
446.0000 760
447.0000 745
448.0000 735
449.0000 746
450.0000 757
451.0000 802
452.0000 783
453.0000 796
454.0000 735
455.0000 766
456.0000 776
457.0000 769
458.0000 723
459.0000 779
460.0000 768
461.0000 739
462.0000 769
463.0000 760
464.0000 726
465.0000 734
466.0000 720
467.0000 766
468.0000 703
469.0000 739
470.0000 760
471.0000 726
472.0000 634
473.0000 667
474.0000 626
475.0000 597
476.0000 680
477.0000 669
478.0000 708
479.0000 775
480.0000 780
481.0000 748
482.0000 772
483.0000 703
484.0000 779
485.0000 807
486.0000 787
487.0000 767
488.0000 764
489.0000 754
490.0000 751
491.0000 768
492.0000 769
493.0000 760
494.0000 828
495.0000 782
496.0000 786
497.0000 735
498.0000 779
499.0000 789
500.0000 752
501.0000 754
502.0000 771
503.0000 757
504.0000 737
505.0000 775
506.0000 835
507.0000 800
508.0000 769
509.0000 782
510.0000 751
511.0000 744
