0.0000 682
1.0000 677
2.0000 715
3.0000 694
4.0000 696
5.0000 727
6.0000 710
7.0000 713
8.0000 702
9.0000 679
10.0000 697
11.0000 762
12.0000 674
13.0000 694
14.0000 725
15.0000 690
16.0000 727
17.0000 704
18.0000 714
19.0000 701
20.0000 723
21.0000 694
22.0000 712
23.0000 763
24.0000 734
25.0000 728
26.0000 697
27.0000 658
28.0000 665
29.0000 704
30.0000 732
31.0000 746
32.0000 736
33.0000 689
34.0000 721
35.0000 702
36.0000 714
37.0000 684
38.0000 717
39.0000 670
40.0000 720
41.0000 715
42.0000 675
43.0000 680
44.0000 671
45.0000 710
46.0000 707
47.0000 716
48.0000 721
49.0000 734
50.0000 747
51.0000 676
52.0000 708
53.0000 723
54.0000 722
55.0000 726
56.0000 667
57.0000 746
58.0000 743
59.0000 671
60.0000 714
61.0000 694
62.0000 730
63.0000 734
64.0000 687
65.0000 731
66.0000 749
67.0000 768
68.0000 701
69.0000 688
70.0000 689
71.0000 714
72.0000 759
73.0000 697
74.0000 712
75.0000 686
76.0000 705
77.0000 708
78.0000 705
79.0000 737
80.0000 717
81.0000 669
82.0000 700
83.0000 703
84.0000 731
85.0000 692
86.0000 731
87.0000 717
88.0000 754
89.0000 686
90.0000 685
91.0000 664
92.0000 710
93.0000 702
94.0000 730
95.0000 663
96.0000 681
97.0000 720
98.0000 682
99.0000 707
100.0000 726
101.0000 705
102.0000 725
103.0000 707
104.0000 721
105.0000 716
106.0000 705
107.0000 696
108.0000 730
109.0000 719
110.0000 702
111.0000 708
112.0000 669
113.0000 699
114.0000 703
115.0000 697
116.0000 697
117.0000 653
118.0000 641
119.0000 620
120.0000 645
121.0000 670
122.0000 666
123.0000 674
124.0000 720
125.0000 651
126.0000 741
127.0000 655
128.0000 694
129.0000 734
130.0000 750
131.0000 757
132.0000 698
133.0000 728
134.0000 666
135.0000 673
136.0000 629
137.0000 721
138.0000 705
139.0000 682
140.0000 698
141.0000 737
142.0000 698
143.0000 684
144.0000 709
145.0000 688
146.0000 693
147.0000 719
148.0000 678
149.0000 600
150.0000 609
151.0000 637
152.0000 683
153.0000 671
154.0000 676
155.0000 711
156.0000 683
157.0000 712
158.0000 717
159.0000 742
160.0000 727
161.0000 697
162.0000 684
163.0000 693
164.0000 717
165.0000 703
166.0000 657
167.0000 710
168.0000 728
169.0000 733
170.0000 701
171.0000 687
172.0000 689
173.0000 747
174.0000 652
175.0000 662
176.0000 697
177.0000 734
178.0000 725
179.0000 748
180.0000 712
181.0000 672
182.0000 688
183.0000 686
184.0000 661
185.0000 688
186.0000 731
187.0000 711
188.0000 746
189.0000 751
190.0000 697
191.0000 691
192.0000 716
193.0000 675
194.0000 739
195.0000 731
196.0000 701
197.0000 682
198.0000 665
199.0000 698
200.0000 676
201.0000 704
202.0000 717
203.0000 743
204.0000 721
205.0000 733
206.0000 661
207.0000 708
208.0000 740
209.0000 672
210.0000 699
211.0000 712
212.0000 744
213.0000 669
214.0000 717
215.0000 705
216.0000 697
217.0000 709
218.0000 753
219.0000 726
220.0000 708
221.0000 696
222.0000 731
223.0000 680
224.0000 718
225.0000 716
226.0000 665
227.0000 719
228.0000 634
229.0000 679
230.0000 681
231.0000 658
232.0000 698
233.0000 690
234.0000 716
235.0000 764
236.0000 752
237.0000 703
238.0000 702
239.0000 742
240.0000 668
241.0000 723
242.0000 738
243.0000 684
244.0000 726
245.0000 713
246.0000 698
247.0000 668
248.0000 657
249.0000 733
250.0000 699
251.0000 695
252.0000 774
253.0000 690
254.0000 698
255.0000 679
256.0000 685
257.0000 800
258.0000 644
259.0000 710
260.0000 735
261.0000 707
262.0000 705
263.0000 696
264.0000 720
265.0000 696
266.0000 692
267.0000 687
268.0000 712
269.0000 716
270.0000 713
271.0000 719
272.0000 750
273.0000 655
274.0000 699
275.0000 701
276.0000 685
277.0000 716
278.0000 695
279.0000 681
280.0000 717
281.0000 697
282.0000 731
283.0000 695
284.0000 678
285.0000 690
286.0000 704
287.0000 691
288.0000 686
289.0000 701
290.0000 680
291.0000 687
292.0000 658
293.0000 722
294.0000 704
295.0000 703
296.0000 679
297.0000 706
298.0000 765
299.0000 752
300.0000 716
301.0000 753
302.0000 703
303.0000 695
304.0000 703
305.0000 701
306.0000 740
307.0000 704
308.0000 722
309.0000 688
310.0000 688
311.0000 676
312.0000 708
313.0000 742
314.0000 717
315.0000 736
316.0000 713
317.0000 745
318.0000 730
319.0000 697
320.0000 673
321.0000 720
322.0000 737
323.0000 701
324.0000 718
325.0000 720
326.0000 690
327.0000 690
328.0000 699
329.0000 720
330.0000 698
331.0000 679
332.0000 688
333.0000 726
334.0000 697
335.0000 687
336.0000 680
337.0000 654
338.0000 733
339.0000 699
340.0000 695
341.0000 693
342.0000 730
343.0000 684
344.0000 736
345.0000 709
346.0000 743
347.0000 709
348.0000 697
349.0000 698
350.0000 704
351.0000 760
352.0000 696
353.0000 699
354.0000 685
355.0000 701
356.0000 704
357.0000 742
358.0000 669
359.0000 702
360.0000 604
361.0000 616
362.0000 623
363.0000 691
364.0000 624
365.0000 661
366.0000 666
367.0000 706
368.0000 681
369.0000 716
370.0000 694
371.0000 662
372.0000 689
373.0000 717
374.0000 703
375.0000 691
376.0000 743
377.0000 702
378.0000 706
379.0000 728
380.0000 706
381.0000 715
382.0000 685
383.0000 704
384.0000 704
385.0000 716
386.0000 690
387.0000 702
388.0000 685
389.0000 673
390.0000 609
391.0000 613
392.0000 625
393.0000 673
394.0000 673
395.0000 690
396.0000 649
397.0000 757
398.0000 657
399.0000 722
400.0000 744
401.0000 770
402.0000 685
403.0000 781
404.0000 706
405.0000 719
406.0000 690
407.0000 663
408.0000 737
409.0000 708
410.0000 691
411.0000 720
412.0000 678
413.0000 689
414.0000 699
415.0000 743
416.0000 714
417.0000 680
418.0000 678
419.0000 749
420.0000 708
421.0000 739
422.0000 675
423.0000 722
424.0000 724
425.0000 718
426.0000 718
427.0000 736
428.0000 711
429.0000 665
430.0000 688
431.0000 726
432.0000 725
433.0000 669
434.0000 742
435.0000 690
436.0000 710
437.0000 753
438.0000 714
439.0000 665
440.0000 685
441.0000 723
442.0000 781
443.0000 707
444.0000 689
445.0000 719
446.0000 727
447.0000 700
448.0000 695
449.0000 684
450.0000 699
451.0000 715
452.0000 702
453.0000 704
454.0000 725
455.0000 743
456.0000 685
457.0000 708
458.0000 703
459.0000 701
460.0000 701
461.0000 724
462.0000 713
463.0000 711
464.0000 647
465.0000 669
466.0000 675
467.0000 787
468.0000 677
469.0000 668
470.0000 733
471.0000 671
472.0000 695
473.0000 742
474.0000 752
475.0000 729
476.0000 749
477.0000 721
478.0000 694
479.0000 743
480.0000 698
481.0000 693
482.0000 712
483.0000 694
484.0000 718
485.0000 666
486.0000 742
487.0000 677
488.0000 702
489.0000 747
490.0000 717
491.0000 707
492.0000 683
493.0000 673
494.0000 680
495.0000 731
496.0000 667
497.0000 692
498.0000 688
499.0000 719
500.0000 717
501.0000 729
502.0000 711
503.0000 672
504.0000 727
505.0000 679
506.0000 693
507.0000 715
508.0000 711
509.0000 753
510.0000 666
511.0000 707
