 1 2
 2 1
 3 713
 4 1549
 5 1538
 6 1569
 7 1525
 8 1594
 9 1547
 10 1629
 11 1489
 12 1493
 13 1447
 14 1363
 15 1307
 16 1349
 17 1361
 18 1283
 19 1216
 20 1212
 21 1224
 22 1190
 23 1182
 24 1207
 25 1193
 26 1118
 27 1145
 28 1139
 29 1138
 30 1145
 31 1112
 32 1031
 33 1066
 34 1040
 35 1051
 36 992
 37 1064
 38 1019
 39 977
 40 990
 41 975
 42 1007
 43 944
 44 948
 45 954
 46 926
 47 950
 48 913
 49 915
 50 809
 51 816
 52 843
 53 886
 54 863
 55 811
 56 818
 57 811
 58 802
 59 844
 60 734
 61 768
 62 782
 63 766
 64 732
 65 693
 66 721
 67 744
 68 651
 69 694
 70 688
 71 690
 72 703
 73 675
 74 700
 75 628
 76 649
 77 617
 78 657
 79 636
 80 652
 81 632
 82 605
 83 575
 84 605
 85 568
 86 663
 87 579
 88 606
 89 550
 90 618
 91 618
 92 590
 93 547
 94 530
 95 583
 96 592
 97 585
 98 502
 99 546
 100 576
 101 532
 102 592
 103 555
 104 518
 105 505
 106 517
 107 545
 108 567
 109 523
 110 465
 111 478
 112 500
 113 524
 114 497
 115 484
 116 487
 117 507
 118 462
 119 491
 120 514
 121 484
 122 498
 123 514
 124 517
 125 484
 126 499
 127 503
 128 458
 129 453
 130 459
 131 517
 132 518
 133 490
 134 483
 135 529
 136 465
 137 488
 138 506
 139 533
 140 481
 141 462
 142 497
 143 514
 144 560
 145 496
 146 531
 147 509
 148 482
 149 498
 150 535
 151 545
 152 584
 153 524
 154 565
 155 565
 156 553
 157 550
 158 564
 159 593
 160 560
 161 542
 162 599
 163 585
 164 636
 165 642
 166 629
 167 665
 168 643
 169 671
 170 641
 171 680
 172 655
 173 687
 174 692
 175 761
 176 740
 177 743
 178 799
 179 816
 180 801
 181 823
 182 882
 183 852
 184 950
 185 1048
 186 1036
 187 1040
 188 1138
 189 1175
 190 1210
 191 1207
 192 1255
 193 1379
 194 1355
 195 1506
 196 1525
 197 1578
 198 1730
 199 1769
 200 1798
 201 1952
 202 2039
 203 2129
 204 2355
 205 2384
 206 2476
 207 2489
 208 2541
 209 2661
 210 2638
 211 2728
 212 2779
 213 2820
 214 2834
 215 2903
 216 2788
 217 2807
 218 2564
 219 2564
 220 2524
 221 2329
 222 2353
 223 2176
 224 2116
 225 1910
 226 1802
 227 1593
 228 1563
 229 1407
 230 1370
 231 1259
 232 1103
 233 1012
 234 921
 235 806
 236 770
 237 681
 238 596
 239 591
 240 473
 241 440
 242 449
 243 379
 244 345
 245 315
 246 285
 247 275
 248 234
 249 210
 250 198
 251 209
 252 174
 253 169
 254 167
 255 160
 256 119
 257 131
 258 118
 259 112
 260 117
 261 98
 262 103
 263 86
 264 89
 265 92
 266 80
 267 87
 268 75
 269 75
 270 64
 271 69
 272 61
 273 57
 274 50
 275 50
 276 43
 277 45
 278 61
 279 52
 280 47
 281 45
 282 45
 283 44
 284 50
 285 49
 286 43
 287 31
 288 42
 289 30
 290 31
 291 27
 292 31
 293 34
 294 31
 295 22
 296 26
 297 32
 298 23
 299 21
 300 20
 301 23
 302 15
 303 23
 304 23
 305 13
 306 18
 307 14
 308 24
 309 19
 310 11
 311 13
 312 19
 313 11
 314 23
 315 11
 316 19
 317 15
 318 13
 319 11
 320 15
 321 13
 322 15
 323 15
 324 8
 325 9
 326 11
 327 8
 328 12
 329 3
 330 11
 331 8
 332 6
 333 9
 334 10
 335 8
 336 11
 337 4
 338 13
 339 5
 340 6
 341 7
 342 3
 343 5
 344 6
 345 8
 346 8
 347 8
 348 8
 349 7
 350 5
 351 1
 352 5
 353 4
 354 5
 355 7
 356 3
 357 2
 358 2
 359 2
 360 1
 361 1
 362 3
 363 0
 364 4
 365 2
 366 5
 367 0
 368 3
 369 1
 370 1
 371 2
 372 2
 373 1
 374 1
 375 1
 376 2
 377 1
 378 0
 379 2
 380 1
 381 1
 382 4
 383 0
 384 0
 385 1
 386 1
 387 1
 388 1
 389 0
 390 1
 391 0
 392 0
 393 1
 394 0
 395 0
 396 2
 397 1
 398 0
 399 2
 400 2
 401 1
 402 1
 403 1
 404 0
 405 1
 406 0
 407 1
 408 0
 409 0
 410 2
 411 0
 412 0
 413 1
 414 0
 415 0
 416 0
 417 0
 418 1
 419 0
 420 0
 421 0
 422 1
 423 0
 424 0
 425 0
 426 0
 427 1
 428 0
 429 1
 430 2
 431 0
 432 1
 433 1
 434 1
 435 0
 436 2
 437 0
 438 0
 439 1
 440 1
 441 0
 442 1
 443 0
 444 0
 445 0
 446 0
 447 0
 448 0
 449 0
 450 0
 451 1
 452 0
 453 0
 454 0
 455 1
 456 0
 457 0
 458 0
 459 0
 460 1
 461 0
 462 1
 463 0
 464 0
 465 0
 466 0
 467 0
 468 0
 469 0
 470 0
 471 0
 472 0
 473 0
 474 0
 475 0
 476 0
 477 0
 478 0
 479 0
 480 0
 481 0
 482 0
 483 0
 484 0
 485 0
 486 0
 487 0
 488 0
 489 0
 490 0
 491 0
 492 0
 493 0
 494 0
 495 0
 496 0
 497 0
 498 0
 499 0
 500 0
 501 0
 502 0
 503 0
 504 0
 505 0
 506 0
 507 0
 508 0
 509 0
 510 0
 511 0
 512 1

