 1 4
 2 3
 3 697
 4 1777
 5 1708
 6 1807
 7 1757
 8 1756
 9 1770
 10 1850
 11 1716
 12 1624
 13 1579
 14 1570
 15 1529
 16 1484
 17 1491
 18 1494
 19 1362
 20 1402
 21 1351
 22 1419
 23 1380
 24 1383
 25 1354
 26 1221
 27 1259
 28 1309
 29 1357
 30 1277
 31 1196
 32 1281
 33 1219
 34 1204
 35 1142
 36 1165
 37 1179
 38 1123
 39 1173
 40 1111
 41 1142
 42 1133
 43 1106
 44 1060
 45 1079
 46 1008
 47 1063
 48 1000
 49 1004
 50 1004
 51 1001
 52 925
 53 984
 54 952
 55 978
 56 955
 57 953
 58 915
 59 931
 60 882
 61 897
 62 914
 63 867
 64 855
 65 852
 66 864
 67 824
 68 795
 69 820
 70 794
 71 824
 72 788
 73 807
 74 795
 75 766
 76 821
 77 742
 78 727
 79 730
 80 729
 81 726
 82 679
 83 732
 84 699
 85 749
 86 720
 87 739
 88 741
 89 663
 90 717
 91 666
 92 645
 93 685
 94 671
 95 646
 96 643
 97 640
 98 596
 99 587
 100 564
 101 665
 102 656
 103 590
 104 626
 105 641
 106 628
 107 601
 108 595
 109 582
 110 621
 111 564
 112 626
 113 636
 114 546
 115 565
 116 548
 117 554
 118 556
 119 557
 120 577
 121 545
 122 517
 123 574
 124 599
 125 544
 126 490
 127 538
 128 531
 129 543
 130 537
 131 502
 132 535
 133 537
 134 553
 135 569
 136 553
 137 512
 138 509
 139 508
 140 502
 141 555
 142 507
 143 524
 144 529
 145 511
 146 526
 147 503
 148 523
 149 507
 150 499
 151 504
 152 553
 153 481
 154 470
 155 514
 156 493
 157 519
 158 497
 159 512
 160 476
 161 496
 162 526
 163 526
 164 530
 165 472
 166 542
 167 536
 168 509
 169 483
 170 539
 171 520
 172 510
 173 501
 174 540
 175 529
 176 502
 177 546
 178 521
 179 540
 180 550
 181 586
 182 552
 183 526
 184 573
 185 609
 186 539
 187 537
 188 577
 189 567
 190 574
 191 626
 192 597
 193 588
 194 643
 195 622
 196 603
 197 590
 198 617
 199 615
 200 642
 201 651
 202 671
 203 709
 204 689
 205 669
 206 672
 207 678
 208 683
 209 734
 210 700
 211 702
 212 804
 213 766
 214 800
 215 791
 216 755
 217 784
 218 826
 219 869
 220 840
 221 892
 222 874
 223 958
 224 924
 225 1013
 226 972
 227 1026
 228 1063
 229 1139
 230 1182
 231 1183
 232 1290
 233 1255
 234 1377
 235 1385
 236 1435
 237 1494
 238 1553
 239 1626
 240 1702
 241 1765
 242 1857
 243 1921
 244 1884
 245 2043
 246 2168
 247 2271
 248 2347
 249 2404
 250 2429
 251 2508
 252 2549
 253 2613
 254 2643
 255 2652
 256 2697
 257 2692
 258 2782
 259 2737
 260 2822
 261 2665
 262 2684
 263 2707
 264 2519
 265 2563
 266 2424
 267 2341
 268 2250
 269 2123
 270 2130
 271 2063
 272 1872
 273 1765
 274 1633
 275 1556
 276 1424
 277 1346
 278 1237
 279 1135
 280 1082
 281 910
 282 926
 283 866
 284 758
 285 721
 286 604
 287 577
 288 553
 289 494
 290 461
 291 429
 292 379
 293 332
 294 301
 295 302
 296 277
 297 266
 298 230
 299 226
 300 202
 301 197
 302 178
 303 186
 304 158
 305 128
 306 125
 307 124
 308 131
 309 107
 310 101
 311 122
 312 106
 313 80
 314 93
 315 79
 316 71
 317 62
 318 66
 319 63
 320 61
 321 67
 322 58
 323 52
 324 51
 325 60
 326 49
 327 47
 328 45
 329 41
 330 40
 331 27
 332 38
 333 42
 334 32
 335 27
 336 25
 337 26
 338 28
 339 25
 340 25
 341 28
 342 27
 343 21
 344 17
 345 15
 346 20
 347 16
 348 22
 349 15
 350 10
 351 16
 352 18
 353 16
 354 16
 355 7
 356 13
 357 7
 358 4
 359 14
 360 9
 361 9
 362 5
 363 14
 364 10
 365 8
 366 7
 367 11
 368 2
 369 6
 370 8
 371 5
 372 4
 373 3
 374 5
 375 8
 376 5
 377 2
 378 5
 379 5
 380 4
 381 5
 382 4
 383 4
 384 3
 385 4
 386 2
 387 5
 388 2
 389 6
 390 2
 391 2
 392 2
 393 1
 394 0
 395 2
 396 1
 397 4
 398 3
 399 2
 400 2
 401 6
 402 3
 403 1
 404 1
 405 3
 406 4
 407 2
 408 0
 409 1
 410 0
 411 0
 412 0
 413 1
 414 2
 415 0
 416 1
 417 1
 418 1
 419 1
 420 1
 421 1
 422 0
 423 0
 424 1
 425 3
 426 0
 427 1
 428 0
 429 0
 430 0
 431 0
 432 2
 433 0
 434 0
 435 0
 436 1
 437 0
 438 0
 439 0
 440 0
 441 1
 442 3
 443 0
 444 1
 445 3
 446 0
 447 1
 448 1
 449 2
 450 0
 451 0
 452 0
 453 0
 454 1
 455 0
 456 2
 457 0
 458 0
 459 0
 460 1
 461 0
 462 2
 463 1
 464 0
 465 0
 466 0
 467 0
 468 0
 469 0
 470 0
 471 0
 472 1
 473 1
 474 1
 475 0
 476 0
 477 2
 478 0
 479 0
 480 1
 481 1
 482 0
 483 0
 484 0
 485 0
 486 1
 487 1
 488 0
 489 0
 490 1
 491 0
 492 1
 493 0
 494 0
 495 0
 496 0
 497 0
 498 0
 499 0
 500 0
 501 1
 502 0
 503 0
 504 0
 505 0
 506 0
 507 1
 508 0
 509 1
 510 0
 511 0
 512 4

