 1 5
 2 5
 3 712
 4 1481
 5 1559
 6 1478
 7 1496
 8 1427
 9 1405
 10 1395
 11 1370
 12 1312
 13 1269
 14 1235
 15 1210
 16 1135
 17 1120
 18 1074
 19 1096
 20 1072
 21 1091
 22 1048
 23 990
 24 1007
 25 974
 26 970
 27 966
 28 857
 29 880
 30 877
 31 852
 32 869
 33 863
 34 880
 35 864
 36 812
 37 886
 38 763
 39 746
 40 776
 41 725
 42 762
 43 697
 44 685
 45 688
 46 716
 47 660
 48 687
 49 654
 50 627
 51 627
 52 668
 53 590
 54 594
 55 613
 56 624
 57 649
 58 575
 59 556
 60 559
 61 598
 62 584
 63 559
 64 566
 65 545
 66 520
 67 558
 68 526
 69 499
 70 530
 71 511
 72 535
 73 528
 74 569
 75 477
 76 536
 77 455
 78 520
 79 526
 80 461
 81 522
 82 507
 83 512
 84 472
 85 515
 86 506
 87 503
 88 482
 89 527
 90 482
 91 496
 92 539
 93 506
 94 558
 95 515
 96 509
 97 545
 98 540
 99 505
 100 511
 101 554
 102 539
 103 561
 104 602
 105 573
 106 628
 107 623
 108 612
 109 619
 110 641
 111 644
 112 653
 113 659
 114 683
 115 728
 116 702
 117 707
 118 751
 119 771
 120 717
 121 747
 122 757
 123 766
 124 810
 125 821
 126 830
 127 823
 128 959
 129 854
 130 954
 131 944
 132 983
 133 898
 134 987
 135 1016
 136 1016
 137 967
 138 976
 139 1018
 140 1104
 141 993
 142 1073
 143 1033
 144 1065
 145 1042
 146 1066
 147 1050
 148 1116
 149 1099
 150 1077
 151 1019
 152 1095
 153 1051
 154 978
 155 1018
 156 951
 157 990
 158 988
 159 926
 160 922
 161 920
 162 901
 163 908
 164 878
 165 836
 166 867
 167 778
 168 763
 169 764
 170 715
 171 677
 172 706
 173 635
 174 640
 175 566
 176 558
 177 547
 178 529
 179 491
 180 526
 181 493
 182 413
 183 427
 184 412
 185 400
 186 379
 187 357
 188 314
 189 349
 190 313
 191 296
 192 279
 193 293
 194 277
 195 242
 196 212
 197 223
 198 190
 199 191
 200 193
 201 161
 202 183
 203 135
 204 152
 205 147
 206 140
 207 131
 208 125
 209 130
 210 119
 211 126
 212 107
 213 104
 214 108
 215 95
 216 91
 217 84
 218 76
 219 93
 220 75
 221 75
 222 74
 223 76
 224 69
 225 61
 226 73
 227 45
 228 58
 229 59
 230 61
 231 36
 232 40
 233 36
 234 49
 235 34
 236 38
 237 39
 238 47
 239 34
 240 32
 241 37
 242 55
 243 38
 244 39
 245 44
 246 26
 247 23
 248 34
 249 20
 250 36
 251 33
 252 32
 253 16
 254 25
 255 26
 256 18
 257 28
 258 13
 259 24
 260 17
 261 17
 262 17
 263 25
 264 22
 265 15
 266 20
 267 17
 268 15
 269 11
 270 10
 271 15
 272 19
 273 12
 274 5
 275 9
 276 16
 277 10
 278 9
 279 12
 280 11
 281 4
 282 9
 283 9
 284 6
 285 12
 286 10
 287 11
 288 11
 289 12
 290 10
 291 7
 292 11
 293 7
 294 12
 295 4
 296 6
 297 11
 298 7
 299 7
 300 5
 301 10
 302 6
 303 5
 304 9
 305 6
 306 3
 307 10
 308 8
 309 6
 310 2
 311 10
 312 5
 313 3
 314 3
 315 4
 316 1
 317 2
 318 3
 319 2
 320 2
 321 1
 322 5
 323 2
 324 8
 325 5
 326 1
 327 4
 328 6
 329 5
 330 4
 331 2
 332 4
 333 0
 334 3
 335 2
 336 3
 337 1
 338 1
 339 2
 340 0
 341 2
 342 1
 343 1
 344 2
 345 3
 346 1
 347 1
 348 1
 349 1
 350 0
 351 3
 352 1
 353 2
 354 0
 355 1
 356 1
 357 2
 358 2
 359 1
 360 2
 361 0
 362 2
 363 1
 364 0
 365 2
 366 0
 367 0
 368 0
 369 0
 370 0
 371 0
 372 1
 373 1
 374 0
 375 0
 376 0
 377 1
 378 0
 379 1
 380 1
 381 1
 382 0
 383 0
 384 1
 385 0
 386 1
 387 0
 388 1
 389 0
 390 1
 391 1
 392 0
 393 0
 394 1
 395 1
 396 0
 397 2
 398 1
 399 0
 400 0
 401 0
 402 0
 403 1
 404 0
 405 0
 406 0
 407 0
 408 1
 409 0
 410 0
 411 0
 412 0
 413 0
 414 0
 415 0
 416 1
 417 0
 418 0
 419 1
 420 0
 421 1
 422 0
 423 1
 424 0
 425 0
 426 0
 427 1
 428 0
 429 0
 430 0
 431 0
 432 0
 433 0
 434 0
 435 1
 436 0
 437 0
 438 0
 439 0
 440 0
 441 0
 442 0
 443 0
 444 0
 445 0
 446 0
 447 0
 448 0
 449 0
 450 1
 451 0
 452 0
 453 0
 454 0
 455 1
 456 0
 457 0
 458 0
 459 0
 460 0
 461 0
 462 0
 463 0
 464 0
 465 0
 466 0
 467 0
 468 0
 469 0
 470 0
 471 0
 472 0
 473 0
 474 0
 475 0
 476 0
 477 0
 478 1
 479 0
 480 0
 481 0
 482 0
 483 0
 484 0
 485 0
 486 1
 487 0
 488 0
 489 0
 490 0
 491 0
 492 0
 493 0
 494 0
 495 0
 496 0
 497 0
 498 1
 499 0
 500 1
 501 0
 502 1
 503 0
 504 0
 505 0
 506 0
 507 0
 508 0
 509 0
 510 0
 511 0
 512 3

