 1 2
 2 1
 3 273
 4 632
 5 672
 6 657
 7 657
 8 677
 9 644
 10 692
 11 614
 12 628
 13 576
 14 570
 15 532
 16 481
 17 503
 18 505
 19 501
 20 512
 21 491
 22 446
 23 465
 24 462
 25 453
 26 409
 27 459
 28 451
 29 427
 30 425
 31 377
 32 426
 33 413
 34 388
 35 360
 36 411
 37 376
 38 383
 39 355
 40 355
 41 392
 42 378
 43 376
 44 357
 45 380
 46 372
 47 329
 48 327
 49 375
 50 324
 51 315
 52 317
 53 328
 54 304
 55 321
 56 308
 57 326
 58 316
 59 310
 60 327
 61 297
 62 289
 63 282
 64 307
 65 275
 66 266
 67 270
 68 287
 69 265
 70 248
 71 267
 72 291
 73 273
 74 257
 75 241
 76 243
 77 278
 78 261
 79 251
 80 222
 81 231
 82 253
 83 251
 84 251
 85 237
 86 244
 87 213
 88 236
 89 232
 90 229
 91 222
 92 215
 93 218
 94 214
 95 215
 96 223
 97 234
 98 219
 99 216
 100 231
 101 192
 102 214
 103 184
 104 194
 105 190
 106 204
 107 215
 108 195
 109 205
 110 198
 111 183
 112 156
 113 170
 114 231
 115 201
 116 190
 117 171
 118 181
 119 187
 120 188
 121 173
 122 174
 123 165
 124 191
 125 179
 126 156
 127 175
 128 171
 129 136
 130 181
 131 138
 132 166
 133 185
 134 164
 135 186
 136 177
 137 159
 138 146
 139 168
 140 174
 141 165
 142 156
 143 167
 144 188
 145 173
 146 175
 147 166
 148 173
 149 174
 150 195
 151 183
 152 182
 153 173
 154 161
 155 196
 156 154
 157 166
 158 165
 159 187
 160 172
 161 156
 162 184
 163 161
 164 176
 165 169
 166 156
 167 189
 168 170
 169 192
 170 163
 171 158
 172 173
 173 190
 174 187
 175 175
 176 168
 177 177
 178 207
 179 219
 180 185
 181 188
 182 205
 183 185
 184 196
 185 195
 186 193
 187 205
 188 243
 189 213
 190 213
 191 226
 192 237
 193 224
 194 231
 195 227
 196 220
 197 226
 198 235
 199 249
 200 235
 201 278
 202 251
 203 242
 204 225
 205 231
 206 242
 207 298
 208 294
 209 285
 210 305
 211 271
 212 275
 213 327
 214 318
 215 338
 216 326
 217 354
 218 350
 219 361
 220 357
 221 357
 222 374
 223 384
 224 387
 225 406
 226 445
 227 417
 228 442
 229 449
 230 477
 231 464
 232 483
 233 464
 234 470
 235 500
 236 493
 237 492
 238 543
 239 523
 240 511
 241 541
 242 540
 243 580
 244 540
 245 557
 246 557
 247 564
 248 571
 249 609
 250 604
 251 609
 252 566
 253 599
 254 578
 255 584
 256 596
 257 593
 258 544
 259 583
 260 522
 261 581
 262 574
 263 551
 264 558
 265 568
 266 602
 267 525
 268 512
 269 499
 270 482
 271 481
 272 455
 273 508
 274 445
 275 447
 276 427
 277 453
 278 409
 279 399
 280 401
 281 377
 282 360
 283 365
 284 349
 285 336
 286 306
 287 300
 288 271
 289 316
 290 289
 291 263
 292 285
 293 285
 294 228
 295 234
 296 199
 297 199
 298 213
 299 186
 300 189
 301 164
 302 163
 303 138
 304 141
 305 131
 306 121
 307 103
 308 108
 309 98
 310 97
 311 91
 312 94
 313 82
 314 78
 315 86
 316 69
 317 72
 318 66
 319 66
 320 63
 321 53
 322 50
 323 53
 324 42
 325 45
 326 35
 327 37
 328 36
 329 31
 330 29
 331 29
 332 24
 333 35
 334 21
 335 27
 336 22
 337 18
 338 11
 339 23
 340 20
 341 18
 342 11
 343 13
 344 8
 345 15
 346 12
 347 8
 348 14
 349 11
 350 16
 351 10
 352 5
 353 11
 354 3
 355 7
 356 8
 357 5
 358 2
 359 10
 360 5
 361 7
 362 6
 363 3
 364 1
 365 8
 366 5
 367 2
 368 8
 369 8
 370 4
 371 1
 372 6
 373 7
 374 1
 375 1
 376 3
 377 3
 378 2
 379 2
 380 3
 381 2
 382 1
 383 2
 384 3
 385 3
 386 1
 387 1
 388 1
 389 0
 390 1
 391 3
 392 0
 393 0
 394 0
 395 0
 396 2
 397 4
 398 0
 399 0
 400 1
 401 1
 402 1
 403 1
 404 0
 405 0
 406 1
 407 1
 408 0
 409 0
 410 0
 411 0
 412 0
 413 0
 414 1
 415 0
 416 0
 417 0
 418 0
 419 0
 420 0
 421 0
 422 0
 423 1
 424 0
 425 0
 426 1
 427 1
 428 0
 429 2
 430 0
 431 0
 432 0
 433 0
 434 1
 435 0
 436 0
 437 0
 438 0
 439 0
 440 0
 441 0
 442 0
 443 0
 444 0
 445 0
 446 0
 447 1
 448 0
 449 0
 450 0
 451 0
 452 0
 453 0
 454 0
 455 0
 456 0
 457 0
 458 0
 459 0
 460 0
 461 0
 462 0
 463 0
 464 0
 465 0
 466 0
 467 0
 468 0
 469 0
 470 0
 471 0
 472 0
 473 0
 474 1
 475 0
 476 0
 477 0
 478 0
 479 1
 480 0
 481 0
 482 0
 483 0
 484 0
 485 0
 486 0
 487 0
 488 0
 489 0
 490 0
 491 0
 492 0
 493 0
 494 0
 495 0
 496 0
 497 0
 498 0
 499 0
 500 0
 501 0
 502 0
 503 0
 504 0
 505 0
 506 0
 507 0
 508 0
 509 0
 510 0
 511 0
 512 1

