 1 2
 2 0
 3 200
 4 374
 5 360
 6 375
 7 391
 8 413
 9 386
 10 388
 11 349
 12 351
 13 310
 14 298
 15 289
 16 279
 17 267
 18 271
 19 265
 20 259
 21 259
 22 261
 23 238
 24 255
 25 225
 26 234
 27 214
 28 225
 29 200
 30 239
 31 237
 32 204
 33 203
 34 193
 35 195
 36 220
 37 216
 38 204
 39 180
 40 198
 41 183
 42 187
 43 210
 44 193
 45 192
 46 185
 47 194
 48 163
 49 160
 50 144
 51 173
 52 171
 53 163
 54 147
 55 154
 56 154
 57 147
 58 156
 59 169
 60 154
 61 146
 62 139
 63 128
 64 144
 65 129
 66 156
 67 138
 68 153
 69 153
 70 127
 71 152
 72 139
 73 118
 74 142
 75 134
 76 118
 77 121
 78 123
 79 130
 80 113
 81 117
 82 119
 83 109
 84 134
 85 99
 86 115
 87 110
 88 133
 89 125
 90 104
 91 101
 92 113
 93 88
 94 114
 95 121
 96 106
 97 90
 98 128
 99 114
 100 106
 101 89
 102 112
 103 78
 104 112
 105 106
 106 97
 107 95
 108 101
 109 108
 110 100
 111 79
 112 95
 113 88
 114 100
 115 93
 116 78
 117 119
 118 104
 119 99
 120 102
 121 96
 122 89
 123 93
 124 107
 125 94
 126 92
 127 92
 128 92
 129 90
 130 88
 131 98
 132 87
 133 92
 134 104
 135 92
 136 77
 137 87
 138 103
 139 94
 140 67
 141 91
 142 86
 143 79
 144 77
 145 84
 146 68
 147 75
 148 84
 149 88
 150 74
 151 88
 152 90
 153 72
 154 71
 155 73
 156 80
 157 103
 158 67
 159 65
 160 86
 161 84
 162 71
 163 74
 164 75
 165 67
 166 91
 167 68
 168 57
 169 88
 170 83
 171 71
 172 89
 173 72
 174 72
 175 67
 176 71
 177 87
 178 74
 179 69
 180 58
 181 62
 182 84
 183 79
 184 69
 185 89
 186 64
 187 84
 188 65
 189 72
 190 84
 191 77
 192 81
 193 65
 194 82
 195 85
 196 70
 197 93
 198 60
 199 75
 200 74
 201 72
 202 73
 203 77
 204 85
 205 88
 206 65
 207 85
 208 73
 209 66
 210 79
 211 83
 212 63
 213 87
 214 68
 215 73
 216 82
 217 78
 218 80
 219 88
 220 97
 221 106
 222 87
 223 90
 224 88
 225 98
 226 82
 227 82
 228 93
 229 98
 230 83
 231 83
 232 89
 233 106
 234 96
 235 84
 236 115
 237 94
 238 101
 239 102
 240 100
 241 94
 242 112
 243 114
 244 98
 245 113
 246 121
 247 118
 248 96
 249 89
 250 114
 251 112
 252 122
 253 133
 254 141
 255 128
 256 131
 257 136
 258 126
 259 142
 260 141
 261 137
 262 144
 263 144
 264 140
 265 151
 266 152
 267 176
 268 173
 269 158
 270 180
 271 195
 272 180
 273 167
 274 164
 275 176
 276 196
 277 211
 278 172
 279 192
 280 214
 281 194
 282 216
 283 218
 284 210
 285 219
 286 198
 287 228
 288 239
 289 247
 290 232
 291 259
 292 248
 293 236
 294 280
 295 267
 296 289
 297 267
 298 273
 299 278
 300 287
 301 263
 302 294
 303 312
 304 309
 305 263
 306 275
 307 289
 308 281
 309 259
 310 234
 311 297
 312 273
 313 280
 314 273
 315 291
 316 290
 317 264
 318 285
 319 248
 320 252
 321 272
 322 268
 323 276
 324 221
 325 263
 326 272
 327 235
 328 247
 329 248
 330 214
 331 215
 332 200
 333 232
 334 227
 335 183
 336 190
 337 187
 338 176
 339 178
 340 162
 341 162
 342 147
 343 153
 344 139
 345 153
 346 132
 347 138
 348 114
 349 140
 350 111
 351 106
 352 109
 353 95
 354 93
 355 76
 356 75
 357 87
 358 82
 359 77
 360 71
 361 52
 362 62
 363 60
 364 65
 365 48
 366 49
 367 39
 368 54
 369 41
 370 30
 371 34
 372 31
 373 24
 374 27
 375 22
 376 27
 377 26
 378 18
 379 20
 380 14
 381 18
 382 15
 383 21
 384 10
 385 12
 386 9
 387 14
 388 12
 389 14
 390 8
 391 6
 392 6
 393 10
 394 9
 395 9
 396 4
 397 7
 398 5
 399 9
 400 4
 401 2
 402 4
 403 3
 404 9
 405 3
 406 2
 407 2
 408 2
 409 3
 410 2
 411 2
 412 0
 413 3
 414 2
 415 0
 416 0
 417 1
 418 4
 419 1
 420 0
 421 2
 422 1
 423 0
 424 0
 425 0
 426 0
 427 0
 428 0
 429 1
 430 1
 431 1
 432 0
 433 0
 434 0
 435 0
 436 0
 437 0
 438 0
 439 0
 440 0
 441 0
 442 0
 443 1
 444 0
 445 0
 446 1
 447 0
 448 0
 449 1
 450 0
 451 0
 452 0
 453 0
 454 0
 455 0
 456 0
 457 0
 458 0
 459 0
 460 0
 461 0
 462 0
 463 0
 464 0
 465 0
 466 0
 467 0
 468 0
 469 0
 470 0
 471 0
 472 0
 473 0
 474 0
 475 0
 476 0
 477 0
 478 0
 479 1
 480 1
 481 0
 482 0
 483 0
 484 0
 485 0
 486 0
 487 0
 488 0
 489 0
 490 0
 491 0
 492 0
 493 0
 494 0
 495 0
 496 0
 497 0
 498 0
 499 0
 500 0
 501 0
 502 0
 503 0
 504 0
 505 0
 506 0
 507 0
 508 1
 509 0
 510 0
 511 0
 512 1

