 1 0
 2 0
 3 242
 4 534
 5 511
 6 501
 7 551
 8 515
 9 548
 10 530
 11 512
 12 406
 13 385
 14 400
 15 395
 16 380
 17 359
 18 358
 19 333
 20 315
 21 319
 22 327
 23 277
 24 308
 25 252
 26 267
 27 275
 28 256
 29 253
 30 261
 31 256
 32 247
 33 259
 34 245
 35 231
 36 233
 37 246
 38 226
 39 216
 40 216
 41 192
 42 213
 43 224
 44 220
 45 213
 46 199
 47 186
 48 180
 49 177
 50 164
 51 167
 52 149
 53 186
 54 178
 55 170
 56 162
 57 147
 58 181
 59 166
 60 141
 61 151
 62 147
 63 141
 64 171
 65 159
 66 129
 67 123
 68 160
 69 149
 70 140
 71 127
 72 115
 73 117
 74 102
 75 137
 76 136
 77 121
 78 127
 79 125
 80 124
 81 134
 82 113
 83 118
 84 137
 85 118
 86 112
 87 124
 88 116
 89 117
 90 106
 91 101
 92 125
 93 104
 94 109
 95 117
 96 97
 97 118
 98 102
 99 103
 100 107
 101 114
 102 95
 103 98
 104 102
 105 100
 106 96
 107 98
 108 102
 109 113
 110 108
 111 94
 112 90
 113 89
 114 81
 115 95
 116 94
 117 94
 118 96
 119 82
 120 78
 121 84
 122 85
 123 79
 124 92
 125 74
 126 103
 127 78
 128 90
 129 86
 130 90
 131 77
 132 98
 133 87
 134 77
 135 82
 136 65
 137 92
 138 84
 139 91
 140 82
 141 79
 142 85
 143 81
 144 74
 145 69
 146 82
 147 87
 148 81
 149 89
 150 67
 151 72
 152 64
 153 76
 154 68
 155 72
 156 68
 157 71
 158 72
 159 79
 160 68
 161 59
 162 59
 163 85
 164 80
 165 61
 166 74
 167 71
 168 59
 169 68
 170 42
 171 57
 172 67
 173 67
 174 57
 175 65
 176 55
 177 66
 178 69
 179 81
 180 67
 181 68
 182 74
 183 48
 184 69
 185 72
 186 53
 187 65
 188 71
 189 66
 190 65
 191 55
 192 62
 193 60
 194 46
 195 57
 196 61
 197 58
 198 65
 199 54
 200 68
 201 61
 202 55
 203 63
 204 56
 205 50
 206 64
 207 58
 208 55
 209 51
 210 47
 211 73
 212 46
 213 57
 214 57
 215 54
 216 65
 217 47
 218 49
 219 59
 220 68
 221 63
 222 69
 223 60
 224 57
 225 70
 226 47
 227 59
 228 44
 229 67
 230 53
 231 55
 232 45
 233 62
 234 72
 235 65
 236 52
 237 58
 238 56
 239 70
 240 55
 241 61
 242 56
 243 69
 244 57
 245 66
 246 59
 247 59
 248 60
 249 62
 250 52
 251 71
 252 66
 253 65
 254 47
 255 65
 256 61
 257 65
 258 68
 259 71
 260 55
 261 75
 262 82
 263 75
 264 58
 265 81
 266 53
 267 94
 268 79
 269 58
 270 79
 271 75
 272 65
 273 76
 274 86
 275 67
 276 72
 277 72
 278 86
 279 102
 280 65
 281 63
 282 81
 283 70
 284 76
 285 93
 286 87
 287 76
 288 79
 289 96
 290 109
 291 80
 292 60
 293 82
 294 89
 295 78
 296 85
 297 95
 298 114
 299 86
 300 101
 301 114
 302 87
 303 89
 304 104
 305 114
 306 131
 307 106
 308 116
 309 104
 310 105
 311 110
 312 142
 313 110
 314 116
 315 116
 316 110
 317 132
 318 116
 319 144
 320 146
 321 150
 322 140
 323 135
 324 152
 325 151
 326 159
 327 143
 328 159
 329 156
 330 159
 331 158
 332 169
 333 165
 334 170
 335 167
 336 168
 337 189
 338 171
 339 186
 340 191
 341 194
 342 194
 343 204
 344 228
 345 184
 346 222
 347 210
 348 184
 349 212
 350 239
 351 203
 352 207
 353 205
 354 204
 355 218
 356 215
 357 238
 358 205
 359 211
 360 179
 361 205
 362 216
 363 220
 364 208
 365 219
 366 217
 367 202
 368 213
 369 191
 370 201
 371 204
 372 194
 373 189
 374 173
 375 189
 376 183
 377 207
 378 179
 379 171
 380 183
 381 190
 382 161
 383 181
 384 182
 385 191
 386 157
 387 157
 388 141
 389 111
 390 139
 391 139
 392 137
 393 104
 394 110
 395 118
 396 116
 397 88
 398 107
 399 96
 400 91
 401 75
 402 68
 403 88
 404 84
 405 64
 406 73
 407 61
 408 79
 409 62
 410 50
 411 54
 412 56
 413 49
 414 46
 415 39
 416 41
 417 31
 418 35
 419 35
 420 35
 421 33
 422 25
 423 23
 424 23
 425 19
 426 15
 427 15
 428 16
 429 20
 430 16
 431 14
 432 10
 433 16
 434 13
 435 10
 436 6
 437 8
 438 5
 439 7
 440 11
 441 6
 442 8
 443 6
 444 6
 445 3
 446 7
 447 5
 448 5
 449 1
 450 5
 451 0
 452 2
 453 1
 454 2
 455 1
 456 3
 457 0
 458 1
 459 2
 460 0
 461 1
 462 1
 463 1
 464 0
 465 0
 466 0
 467 1
 468 0
 469 1
 470 0
 471 0
 472 1
 473 0
 474 0
 475 0
 476 0
 477 0
 478 0
 479 0
 480 0
 481 0
 482 1
 483 0
 484 0
 485 0
 486 0
 487 0
 488 0
 489 0
 490 0
 491 0
 492 0
 493 0
 494 0
 495 0
 496 0
 497 1
 498 0
 499 0
 500 0
 501 0
 502 0
 503 0
 504 0
 505 0
 506 0
 507 1
 508 0
 509 0
 510 0
 511 0
 512 1

