 1 0
 2 9
 3 1049
 4 2676
 5 2884
 6 3155
 7 3157
 8 3017
 9 2809
 10 2434
 11 2271
 12 2116
 13 1846
 14 1787
 15 1740
 16 1659
 17 1715
 18 1748
 19 1719
 20 1770
 21 1776
 22 1686
 23 1724
 24 1803
 25 1770
 26 1807
 27 1864
 28 1819
 29 1805
 30 1858
 31 1948
 32 1954
 33 1920
 34 1961
 35 1972
 36 1938
 37 1827
 38 1891
 39 1821
 40 1918
 41 1778
 42 1692
 43 1710
 44 1713
 45 1634
 46 1584
 47 1595
 48 1620
 49 1559
 50 1546
 51 1464
 52 1436
 53 1450
 54 1409
 55 1428
 56 1431
 57 1378
 58 1374
 59 1403
 60 1322
 61 1296
 62 1287
 63 1245
 64 1241
 65 1239
 66 1240
 67 1239
 68 1198
 69 1099
 70 1179
 71 1191
 72 1138
 73 1120
 74 1137
 75 1148
 76 1100
 77 1167
 78 1076
 79 1111
 80 1106
 81 1076
 82 1097
 83 1086
 84 1067
 85 1078
 86 1093
 87 1094
 88 1064
 89 1132
 90 1075
 91 1032
 92 1033
 93 1017
 94 1013
 95 976
 96 918
 97 972
 98 949
 99 888
 100 776
 101 795
 102 769
 103 651
 104 659
 105 582
 106 593
 107 536
 108 457
 109 434
 110 370
 111 364
 112 327
 113 318
 114 311
 115 316
 116 285
 117 285
 118 246
 119 218
 120 225
 121 225
 122 240
 123 220
 124 215
 125 195
 126 190
 127 213
 128 191
 129 271
 130 278
 131 318
 132 326
 133 445
 134 489
 135 565
 136 667
 137 796
 138 887
 139 1021
 140 1130
 141 1311
 142 1325
 143 1501
 144 1546
 145 1634
 146 1686
 147 1635
 148 1639
 149 1557
 150 1538
 151 1374
 152 1300
 153 1249
 154 1092
 155 1019
 156 862
 157 742
 158 632
 159 507
 160 407
 161 330
 162 301
 163 219
 164 188
 165 137
 166 118
 167 88
 168 69
 169 46
 170 44
 171 30
 172 34
 173 33
 174 30
 175 24
 176 15
 177 24
 178 18
 179 17
 180 16
 181 11
 182 20
 183 13
 184 17
 185 19
 186 13
 187 13
 188 21
 189 13
 190 18
 191 19
 192 14
 193 17
 194 14
 195 23
 196 13
 197 11
 198 12
 199 18
 200 16
 201 14
 202 13
 203 18
 204 11
 205 14
 206 12
 207 10
 208 14
 209 19
 210 17
 211 19
 212 20
 213 20
 214 11
 215 12
 216 15
 217 6
 218 21
 219 13
 220 12
 221 12
 222 18
 223 8
 224 10
 225 14
 226 12
 227 7
 228 18
 229 8
 230 9
 231 15
 232 7
 233 11
 234 10
 235 11
 236 8
 237 9
 238 12
 239 13
 240 11
 241 7
 242 3
 243 8
 244 5
 245 10
 246 15
 247 7
 248 6
 249 7
 250 10
 251 12
 252 10
 253 9
 254 9
 255 11
 256 8
 257 9
 258 6
 259 8
 260 10
 261 9
 262 3
 263 6
 264 5
 265 6
 266 12
 267 7
 268 7
 269 8
 270 10
 271 9
 272 15
 273 10
 274 8
 275 17
 276 4
 277 7
 278 8
 279 9
 280 8
 281 7
 282 10
 283 7
 284 11
 285 6
 286 8
 287 8
 288 8
 289 10
 290 8
 291 5
 292 6
 293 9
 294 5
 295 5
 296 3
 297 8
 298 4
 299 6
 300 4
 301 7
 302 10
 303 7
 304 3
 305 1
 306 3
 307 8
 308 4
 309 5
 310 4
 311 4
 312 3
 313 1
 314 6
 315 8
 316 5
 317 6
 318 5
 319 2
 320 3
 321 4
 322 2
 323 6
 324 4
 325 1
 326 4
 327 3
 328 3
 329 4
 330 2
 331 3
 332 6
 333 3
 334 8
 335 3
 336 1
 337 6
 338 2
 339 4
 340 4
 341 6
 342 6
 343 1
 344 6
 345 3
 346 0
 347 6
 348 2
 349 2
 350 1
 351 5
 352 3
 353 1
 354 1
 355 2
 356 2
 357 2
 358 1
 359 0
 360 1
 361 0
 362 0
 363 2
 364 1
 365 1
 366 2
 367 1
 368 1
 369 2
 370 3
 371 3
 372 5
 373 1
 374 1
 375 3
 376 0
 377 1
 378 0
 379 7
 380 4
 381 0
 382 1
 383 2
 384 1
 385 3
 386 2
 387 2
 388 3
 389 0
 390 0
 391 1
 392 0
 393 0
 394 0
 395 1
 396 1
 397 3
 398 0
 399 0
 400 1
 401 0
 402 0
 403 2
 404 0
 405 0
 406 0
 407 1
 408 1
 409 0
 410 1
 411 1
 412 1
 413 2
 414 0
 415 1
 416 0
 417 0
 418 0
 419 0
 420 1
 421 1
 422 0
 423 1
 424 1
 425 0
 426 1
 427 0
 428 1
 429 2
 430 1
 431 0
 432 1
 433 0
 434 0
 435 0
 436 0
 437 0
 438 0
 439 1
 440 0
 441 1
 442 1
 443 0
 444 0
 445 0
 446 0
 447 0
 448 0
 449 0
 450 0
 451 0
 452 0
 453 1
 454 0
 455 0
 456 0
 457 0
 458 1
 459 0
 460 0
 461 1
 462 1
 463 0
 464 0
 465 0
 466 0
 467 0
 468 0
 469 1
 470 0
 471 0
 472 0
 473 0
 474 0
 475 2
 476 0
 477 1
 478 0
 479 0
 480 0
 481 0
 482 0
 483 0
 484 0
 485 0
 486 0
 487 0
 488 0
 489 0
 490 0
 491 0
 492 1
 493 0
 494 0
 495 0
 496 0
 497 0
 498 0
 499 0
 500 0
 501 0
 502 1
 503 0
 504 0
 505 0
 506 0
 507 0
 508 0
 509 0
 510 0
 511 0
 512 1

