 1 4
 2 3
 3 1515
 4 3060
 5 2923
 6 2907
 7 2912
 8 2954
 9 2791
 10 2708
 11 2563
 12 2569
 13 2369
 14 2329
 15 2300
 16 2116
 17 2077
 18 2013
 19 2052
 20 2038
 21 1848
 22 1885
 23 1842
 24 1845
 25 1798
 26 1771
 27 1688
 28 1666
 29 1657
 30 1652
 31 1683
 32 1588
 33 1582
 34 1600
 35 1648
 36 1517
 37 1494
 38 1455
 39 1504
 40 1448
 41 1459
 42 1405
 43 1426
 44 1383
 45 1371
 46 1346
 47 1329
 48 1350
 49 1325
 50 1369
 51 1246
 52 1355
 53 1293
 54 1267
 55 1233
 56 1327
 57 1321
 58 1349
 59 1315
 60 1283
 61 1282
 62 1324
 63 1356
 64 1339
 65 1385
 66 1403
 67 1367
 68 1404
 69 1455
 70 1517
 71 1465
 72 1523
 73 1490
 74 1529
 75 1535
 76 1511
 77 1547
 78 1632
 79 1616
 80 1613
 81 1541
 82 1602
 83 1655
 84 1656
 85 1656
 86 1720
 87 1707
 88 1703
 89 1765
 90 1720
 91 1747
 92 1673
 93 1737
 94 1730
 95 1692
 96 1753
 97 1713
 98 1748
 99 1735
 100 1747
 101 1684
 102 1643
 103 1618
 104 1527
 105 1524
 106 1557
 107 1549
 108 1497
 109 1427
 110 1492
 111 1328
 112 1309
 113 1284
 114 1276
 115 1202
 116 1182
 117 1143
 118 1138
 119 1059
 120 1087
 121 944
 122 914
 123 936
 124 891
 125 829
 126 790
 127 786
 128 751
 129 753
 130 726
 131 658
 132 615
 133 656
 134 572
 135 581
 136 556
 137 488
 138 476
 139 435
 140 462
 141 463
 142 424
 143 416
 144 388
 145 397
 146 391
 147 328
 148 340
 149 325
 150 304
 151 286
 152 296
 153 297
 154 271
 155 253
 156 248
 157 259
 158 252
 159 200
 160 245
 161 240
 162 169
 163 206
 164 193
 165 181
 166 195
 167 188
 168 183
 169 177
 170 169
 171 164
 172 155
 173 154
 174 157
 175 145
 176 134
 177 147
 178 117
 179 141
 180 121
 181 119
 182 135
 183 125
 184 111
 185 113
 186 123
 187 97
 188 110
 189 101
 190 86
 191 111
 192 93
 193 101
 194 82
 195 85
 196 108
 197 83
 198 78
 199 90
 200 77
 201 78
 202 71
 203 68
 204 72
 205 75
 206 63
 207 67
 208 67
 209 77
 210 78
 211 71
 212 56
 213 59
 214 55
 215 53
 216 50
 217 56
 218 42
 219 38
 220 56
 221 61
 222 42
 223 36
 224 47
 225 36
 226 42
 227 46
 228 40
 229 38
 230 46
 231 39
 232 39
 233 48
 234 42
 235 37
 236 38
 237 35
 238 39
 239 27
 240 39
 241 28
 242 28
 243 37
 244 27
 245 21
 246 28
 247 30
 248 21
 249 16
 250 21
 251 33
 252 24
 253 12
 254 18
 255 25
 256 14
 257 29
 258 18
 259 22
 260 17
 261 18
 262 26
 263 28
 264 18
 265 19
 266 15
 267 12
 268 17
 269 22
 270 23
 271 14
 272 16
 273 13
 274 21
 275 16
 276 14
 277 7
 278 11
 279 12
 280 14
 281 10
 282 9
 283 11
 284 10
 285 18
 286 12
 287 14
 288 6
 289 10
 290 9
 291 3
 292 10
 293 5
 294 5
 295 7
 296 5
 297 9
 298 12
 299 8
 300 7
 301 9
 302 3
 303 7
 304 1
 305 4
 306 8
 307 3
 308 5
 309 5
 310 0
 311 9
 312 9
 313 5
 314 9
 315 7
 316 4
 317 4
 318 9
 319 4
 320 7
 321 5
 322 5
 323 4
 324 6
 325 1
 326 2
 327 6
 328 2
 329 7
 330 1
 331 5
 332 3
 333 5
 334 3
 335 1
 336 4
 337 1
 338 5
 339 4
 340 5
 341 3
 342 1
 343 3
 344 2
 345 3
 346 3
 347 3
 348 3
 349 0
 350 1
 351 2
 352 3
 353 2
 354 3
 355 0
 356 0
 357 2
 358 2
 359 1
 360 0
 361 2
 362 0
 363 1
 364 1
 365 0
 366 1
 367 1
 368 1
 369 2
 370 3
 371 1
 372 2
 373 0
 374 2
 375 0
 376 1
 377 2
 378 1
 379 0
 380 1
 381 0
 382 1
 383 1
 384 2
 385 1
 386 1
 387 1
 388 0
 389 0
 390 1
 391 0
 392 1
 393 0
 394 1
 395 0
 396 2
 397 0
 398 2
 399 0
 400 0
 401 0
 402 1
 403 0
 404 0
 405 1
 406 1
 407 1
 408 0
 409 0
 410 0
 411 2
 412 0
 413 0
 414 1
 415 0
 416 0
 417 0
 418 2
 419 0
 420 0
 421 0
 422 0
 423 1
 424 0
 425 0
 426 1
 427 1
 428 0
 429 1
 430 0
 431 0
 432 0
 433 0
 434 0
 435 0
 436 0
 437 0
 438 1
 439 0
 440 0
 441 0
 442 0
 443 1
 444 1
 445 1
 446 2
 447 0
 448 1
 449 0
 450 0
 451 1
 452 0
 453 0
 454 0
 455 0
 456 0
 457 0
 458 0
 459 0
 460 0
 461 1
 462 0
 463 0
 464 2
 465 0
 466 0
 467 0
 468 0
 469 0
 470 1
 471 0
 472 1
 473 0
 474 1
 475 0
 476 0
 477 0
 478 0
 479 1
 480 0
 481 0
 482 0
 483 0
 484 0
 485 0
 486 0
 487 0
 488 0
 489 0
 490 0
 491 0
 492 0
 493 1
 494 0
 495 1
 496 0
 497 0
 498 0
 499 0
 500 0
 501 0
 502 0
 503 1
 504 0
 505 1
 506 0
 507 0
 508 0
 509 0
 510 0
 511 0
 512 0

