 1 2
 2 2
 3 460
 4 896
 5 908
 6 913
 7 939
 8 899
 9 957
 10 934
 11 863
 12 894
 13 845
 14 780
 15 762
 16 735
 17 689
 18 715
 19 721
 20 683
 21 719
 22 711
 23 679
 24 639
 25 646
 26 644
 27 647
 28 644
 29 578
 30 611
 31 578
 32 589
 33 539
 34 573
 35 577
 36 520
 37 558
 38 535
 39 527
 40 481
 41 494
 42 507
 43 519
 44 475
 45 446
 46 468
 47 434
 48 447
 49 482
 50 462
 51 476
 52 438
 53 426
 54 408
 55 430
 56 402
 57 412
 58 424
 59 404
 60 416
 61 364
 62 393
 63 365
 64 384
 65 348
 66 382
 67 358
 68 328
 69 346
 70 342
 71 376
 72 382
 73 344
 74 374
 75 354
 76 333
 77 303
 78 344
 79 348
 80 362
 81 334
 82 343
 83 283
 84 330
 85 304
 86 307
 87 317
 88 315
 89 273
 90 299
 91 282
 92 296
 93 256
 94 300
 95 298
 96 298
 97 323
 98 324
 99 291
 100 274
 101 290
 102 311
 103 278
 104 261
 105 287
 106 280
 107 252
 108 291
 109 292
 110 290
 111 293
 112 290
 113 270
 114 262
 115 302
 116 270
 117 298
 118 246
 119 289
 120 245
 121 263
 122 254
 123 270
 124 271
 125 272
 126 314
 127 253
 128 303
 129 289
 130 280
 131 261
 132 284
 133 271
 134 302
 135 266
 136 288
 137 303
 138 316
 139 325
 140 322
 141 296
 142 291
 143 302
 144 325
 145 310
 146 336
 147 337
 148 338
 149 382
 150 322
 151 363
 152 332
 153 349
 154 339
 155 368
 156 339
 157 377
 158 383
 159 395
 160 406
 161 421
 162 386
 163 402
 164 397
 165 406
 166 438
 167 440
 168 432
 169 518
 170 475
 171 498
 172 465
 173 533
 174 489
 175 495
 176 536
 177 539
 178 595
 179 592
 180 585
 181 606
 182 616
 183 634
 184 618
 185 657
 186 654
 187 686
 188 693
 189 658
 190 693
 191 694
 192 741
 193 771
 194 702
 195 733
 196 730
 197 767
 198 779
 199 746
 200 758
 201 810
 202 774
 203 781
 204 785
 205 780
 206 778
 207 829
 208 788
 209 781
 210 799
 211 747
 212 757
 213 743
 214 784
 215 694
 216 740
 217 713
 218 736
 219 711
 220 686
 221 657
 222 648
 223 620
 224 580
 225 642
 226 597
 227 561
 228 513
 229 494
 230 513
 231 505
 232 527
 233 487
 234 441
 235 405
 236 399
 237 420
 238 362
 239 336
 240 352
 241 337
 242 305
 243 313
 244 288
 245 259
 246 270
 247 206
 248 251
 249 229
 250 218
 251 200
 252 210
 253 159
 254 168
 255 162
 256 169
 257 155
 258 122
 259 120
 260 128
 261 128
 262 125
 263 120
 264 96
 265 88
 266 102
 267 93
 268 82
 269 80
 270 80
 271 58
 272 65
 273 63
 274 68
 275 53
 276 52
 277 43
 278 49
 279 35
 280 61
 281 52
 282 41
 283 42
 284 47
 285 33
 286 37
 287 28
 288 38
 289 30
 290 20
 291 30
 292 20
 293 25
 294 43
 295 23
 296 15
 297 18
 298 18
 299 15
 300 20
 301 19
 302 14
 303 22
 304 15
 305 15
 306 13
 307 13
 308 12
 309 12
 310 9
 311 11
 312 11
 313 22
 314 18
 315 17
 316 11
 317 6
 318 12
 319 11
 320 12
 321 13
 322 13
 323 6
 324 5
 325 7
 326 7
 327 5
 328 7
 329 3
 330 4
 331 2
 332 3
 333 3
 334 9
 335 2
 336 6
 337 2
 338 2
 339 3
 340 3
 341 5
 342 4
 343 2
 344 1
 345 1
 346 2
 347 4
 348 5
 349 5
 350 2
 351 3
 352 2
 353 3
 354 3
 355 2
 356 2
 357 4
 358 2
 359 2
 360 3
 361 1
 362 0
 363 1
 364 3
 365 0
 366 0
 367 2
 368 0
 369 5
 370 1
 371 2
 372 2
 373 1
 374 1
 375 0
 376 1
 377 1
 378 2
 379 1
 380 1
 381 0
 382 1
 383 0
 384 0
 385 3
 386 1
 387 0
 388 1
 389 1
 390 1
 391 2
 392 1
 393 1
 394 0
 395 0
 396 0
 397 1
 398 0
 399 1
 400 0
 401 1
 402 2
 403 0
 404 1
 405 0
 406 0
 407 0
 408 0
 409 0
 410 0
 411 0
 412 0
 413 0
 414 0
 415 1
 416 0
 417 2
 418 1
 419 0
 420 0
 421 0
 422 0
 423 0
 424 0
 425 0
 426 0
 427 0
 428 0
 429 0
 430 0
 431 0
 432 0
 433 0
 434 0
 435 0
 436 0
 437 0
 438 0
 439 0
 440 0
 441 0
 442 0
 443 0
 444 0
 445 0
 446 0
 447 0
 448 0
 449 0
 450 0
 451 0
 452 0
 453 0
 454 0
 455 0
 456 0
 457 0
 458 0
 459 0
 460 0
 461 0
 462 0
 463 0
 464 0
 465 0
 466 0
 467 0
 468 0
 469 1
 470 1
 471 0
 472 0
 473 0
 474 0
 475 0
 476 0
 477 0
 478 0
 479 0
 480 0
 481 0
 482 0
 483 0
 484 0
 485 0
 486 0
 487 0
 488 1
 489 0
 490 0
 491 0
 492 1
 493 0
 494 0
 495 0
 496 0
 497 0
 498 0
 499 0
 500 0
 501 0
 502 0
 503 0
 504 0
 505 0
 506 0
 507 0
 508 0
 509 0
 510 0
 511 0
 512 2

