 1 0
 2 0
 3 198
 4 517
 5 522
 6 596
 7 572
 8 601
 9 602
 10 558
 11 550
 12 475
 13 438
 14 426
 15 386
 16 376
 17 335
 18 329
 19 321
 20 287
 21 283
 22 312
 23 287
 24 265
 25 288
 26 255
 27 270
 28 261
 29 239
 30 253
 31 224
 32 236
 33 204
 34 245
 35 228
 36 211
 37 240
 38 206
 39 209
 40 193
 41 197
 42 173
 43 182
 44 166
 45 162
 46 182
 47 148
 48 159
 49 165
 50 141
 51 149
 52 143
 53 141
 54 145
 55 121
 56 133
 57 129
 58 112
 59 124
 60 133
 61 132
 62 120
 63 110
 64 100
 65 116
 66 108
 67 101
 68 100
 69 117
 70 122
 71 95
 72 120
 73 108
 74 95
 75 97
 76 93
 77 111
 78 104
 79 78
 80 108
 81 80
 82 92
 83 81
 84 91
 85 80
 86 73
 87 96
 88 86
 89 78
 90 78
 91 72
 92 69
 93 78
 94 67
 95 63
 96 74
 97 90
 98 74
 99 66
 100 59
 101 69
 102 69
 103 81
 104 53
 105 55
 106 63
 107 74
 108 59
 109 62
 110 55
 111 66
 112 49
 113 50
 114 66
 115 58
 116 52
 117 69
 118 63
 119 49
 120 52
 121 59
 122 61
 123 55
 124 54
 125 65
 126 41
 127 44
 128 51
 129 52
 130 48
 131 39
 132 44
 133 42
 134 61
 135 57
 136 52
 137 65
 138 42
 139 46
 140 41
 141 47
 142 43
 143 30
 144 56
 145 42
 146 54
 147 40
 148 43
 149 52
 150 37
 151 38
 152 39
 153 36
 154 37
 155 35
 156 42
 157 45
 158 23
 159 41
 160 35
 161 30
 162 45
 163 31
 164 32
 165 24
 166 39
 167 35
 168 38
 169 38
 170 38
 171 36
 172 35
 173 36
 174 33
 175 31
 176 25
 177 31
 178 34
 179 35
 180 19
 181 40
 182 27
 183 30
 184 30
 185 26
 186 23
 187 26
 188 35
 189 17
 190 33
 191 31
 192 24
 193 34
 194 31
 195 25
 196 29
 197 31
 198 28
 199 26
 200 35
 201 29
 202 34
 203 32
 204 21
 205 32
 206 25
 207 27
 208 31
 209 26
 210 25
 211 26
 212 29
 213 28
 214 28
 215 38
 216 26
 217 26
 218 19
 219 30
 220 24
 221 18
 222 20
 223 32
 224 33
 225 21
 226 27
 227 25
 228 16
 229 25
 230 19
 231 19
 232 23
 233 18
 234 27
 235 22
 236 24
 237 27
 238 25
 239 27
 240 17
 241 28
 242 26
 243 23
 244 30
 245 24
 246 23
 247 16
 248 29
 249 20
 250 29
 251 16
 252 24
 253 24
 254 17
 255 22
 256 30
 257 26
 258 25
 259 25
 260 26
 261 20
 262 30
 263 25
 264 19
 265 26
 266 32
 267 27
 268 21
 269 19
 270 25
 271 22
 272 28
 273 21
 274 20
 275 26
 276 26
 277 28
 278 18
 279 18
 280 16
 281 19
 282 23
 283 17
 284 22
 285 23
 286 30
 287 29
 288 18
 289 27
 290 24
 291 33
 292 21
 293 31
 294 23
 295 24
 296 30
 297 28
 298 22
 299 26
 300 26
 301 29
 302 28
 303 30
 304 22
 305 30
 306 23
 307 28
 308 25
 309 26
 310 17
 311 22
 312 16
 313 27
 314 27
 315 31
 316 36
 317 32
 318 23
 319 37
 320 32
 321 24
 322 24
 323 30
 324 26
 325 28
 326 28
 327 35
 328 37
 329 28
 330 39
 331 35
 332 30
 333 27
 334 24
 335 28
 336 41
 337 27
 338 25
 339 32
 340 31
 341 47
 342 38
 343 22
 344 32
 345 46
 346 37
 347 38
 348 40
 349 26
 350 36
 351 42
 352 30
 353 46
 354 36
 355 29
 356 41
 357 38
 358 47
 359 36
 360 36
 361 42
 362 39
 363 44
 364 41
 365 48
 366 47
 367 52
 368 42
 369 55
 370 51
 371 41
 372 63
 373 50
 374 47
 375 46
 376 56
 377 52
 378 56
 379 54
 380 52
 381 39
 382 51
 383 55
 384 47
 385 60
 386 53
 387 59
 388 65
 389 72
 390 60
 391 55
 392 75
 393 58
 394 72
 395 69
 396 72
 397 70
 398 70
 399 55
 400 76
 401 56
 402 81
 403 69
 404 62
 405 50
 406 64
 407 49
 408 44
 409 49
 410 51
 411 61
 412 61
 413 56
 414 67
 415 65
 416 62
 417 61
 418 54
 419 69
 420 62
 421 42
 422 47
 423 50
 424 49
 425 44
 426 45
 427 46
 428 35
 429 36
 430 35
 431 38
 432 33
 433 35
 434 26
 435 42
 436 33
 437 34
 438 30
 439 15
 440 24
 441 24
 442 32
 443 23
 444 20
 445 13
 446 27
 447 12
 448 19
 449 8
 450 13
 451 7
 452 16
 453 18
 454 13
 455 13
 456 9
 457 12
 458 10
 459 11
 460 8
 461 9
 462 8
 463 12
 464 3
 465 2
 466 4
 467 6
 468 9
 469 6
 470 5
 471 4
 472 2
 473 2
 474 3
 475 4
 476 1
 477 3
 478 2
 479 1
 480 2
 481 2
 482 1
 483 1
 484 0
 485 0
 486 1
 487 0
 488 1
 489 1
 490 0
 491 1
 492 2
 493 0
 494 1
 495 0
 496 1
 497 0
 498 0
 499 0
 500 0
 501 0
 502 1
 503 0
 504 0
 505 0
 506 0
 507 1
 508 0
 509 0
 510 0
 511 0
 512 1

