1 0
2 355
3 1010
4 1293
5 1449
6 1411
7 1415
8 1342
9 1315
10 1382
11 1259
12 1145
13 1184
14 1068
15 1069
16 985
17 1010
18 946
19 871
20 809
21 887
22 818
23 857
24 835
25 771
26 795
27 748
28 760
29 692
30 665
31 657
32 687
33 641
34 615
35 631
36 580
37 590
38 547
39 560
40 589
41 562
42 568
43 540
44 500
45 499
46 475
47 486
48 499
49 537
50 508
51 523
52 504
53 525
54 539
55 507
56 492
57 481
58 542
59 528
60 552
61 506
62 566
63 522
64 505
65 591
66 549
67 641
68 625
69 562
70 637
71 710
72 670
73 727
74 689
75 706
76 770
77 829
78 874
79 920
80 884
81 919
82 1016
83 1050
84 1025
85 1118
86 1169
87 1215
88 1227
89 1255
90 1225
91 1224
92 1287
93 1417
94 1337
95 1248
96 1332
97 1248
98 1224
99 1206
100 1061
101 1042
102 1011
103 946
104 827
105 744
106 658
107 581
108 466
109 458
110 378
111 301
112 236
113 187
114 161
115 116
116 105
117 57
118 36
119 30
120 27
121 11
122 8
123 6
124 1
125 10
126 1
127 0
128 0
129 0
130 0
131 0
132 0
133 0
134 0
135 0
136 0
137 0
138 0
139 0
140 0
141 0
142 0
143 0
144 0
145 0
146 0
147 0
148 0
149 0
150 0
151 0
152 0
153 0
154 0
155 0
156 0
157 0
158 0
159 0
160 0
161 0
162 0
163 0
164 0
165 0
166 0
167 0
168 0
169 0
170 0
171 0
172 0
173 0
174 0
175 0
176 0
177 0
178 0
179 0
180 0
181 0
182 0
183 0
184 0
185 0
186 0
187 0
188 0
189 0
190 0
191 0
192 0
193 0
194 0
195 0
196 0
197 0
198 0
199 0
200 0
201 0
202 0
203 0
204 0
205 0
206 0
207 0
208 0
209 0
210 0
211 0
212 0
213 0
214 0
215 0
216 0
217 0
218 0
219 0
220 0
221 0
222 0
223 0
224 0
225 0
226 0
227 0
228 0
229 0
230 0
231 0
232 0
233 0
234 0
235 0
236 0
237 0
238 0
239 0
240 0
241 0
242 0
243 0
244 0
245 0
246 0
247 0
248 0
249 0
250 0
251 0
252 0
253 0
254 0
255 0
256 0
257 0
258 0
259 0
260 0
261 0
262 0
263 0
264 0
265 0
266 0
267 0
268 0
269 0
270 0
271 0
272 0
273 0
274 0
275 0
276 0
277 0
278 0
279 0
280 0
281 0
282 0
283 0
284 0
285 0
286 0
287 0
288 0
289 0
290 0
291 0
292 0
293 0
294 0
295 0
296 0
297 0
298 0
299 0
300 0
301 0
302 0
303 0
304 0
305 0
306 0
307 0
308 0
309 0
310 0
311 0
312 0
313 0
314 0
315 0
316 0
317 0
318 0
319 0
320 0
321 0
322 0
323 0
324 0
325 0
326 0
327 0
328 0
329 0
330 0
331 0
332 0
333 0
334 0
335 0
336 0
337 0
338 0
339 0
340 0
341 0
342 0
343 0
344 0
345 0
346 0
347 0
348 0
349 0
350 0
351 0
352 0
353 0
354 0
355 0
356 0
357 0
358 0
359 0
360 0
361 0
362 0
363 0
364 0
365 0
366 0
367 0
368 0
369 0
370 0
371 0
372 0
373 0
374 0
375 0
376 0
377 0
378 0
379 0
380 0
381 0
382 0
383 0
384 0
385 0
386 0
387 0
388 0
389 0
390 0
391 0
392 0
393 0
394 0
395 0
396 0
397 0
398 0
399 0
400 0
401 0
402 0
403 0
404 0
405 0
406 0
407 0
408 0
409 0
410 0
411 0
412 0
413 0
414 0
415 0
416 0
417 0
418 0
419 0
420 0
421 0
422 0
423 0
424 0
425 0
426 0
427 0
428 0
429 0
430 0
431 0
432 0
433 0
434 0
435 0
436 0
437 0
438 0
439 0
440 0
441 0
442 0
443 0
444 0
445 0
446 0
447 0
448 0
449 0
450 0
451 0
452 0
453 0
454 0
455 0
456 0
457 0
458 0
459 0
460 0
461 0
462 0
463 0
464 0
465 0
466 0
467 0
468 0
469 0
470 0
471 0
472 0
473 0
474 0
475 0
476 0
477 0
478 0
479 0
480 0
481 0
482 0
483 0
484 0
485 0
486 0
487 0
488 0
489 0
490 0
491 0
492 0
493 0
494 0
495 0
496 0
497 0
498 0
499 0
500 0
501 0
502 0
503 0
504 0
505 0
506 0
507 0
508 0
509 0
510 0
511 0
512 0
