1 0
2 245
3 755
4 979
5 1191
6 1381
7 1528
8 1620
9 1574
10 1672
11 1621
12 1652
13 1615
14 1645
15 1652
16 1615
17 1531
18 1557
19 1440
20 1450
21 1495
22 1371
23 1330
24 1344
25 1290
26 1304
27 1226
28 1207
29 1247
30 1224
31 1128
32 1221
33 1043
34 1076
35 1134
36 1076
37 1059
38 992
39 1034
40 1014
41 917
42 928
43 864
44 957
45 930
46 874
47 879
48 848
49 850
50 857
51 789
52 793
53 810
54 793
55 788
56 695
57 735
58 741
59 757
60 715
61 699
62 677
63 669
64 732
65 716
66 656
67 669
68 655
69 668
70 666
71 653
72 622
73 600
74 612
75 650
76 629
77 566
78 614
79 630
80 615
81 587
82 582
83 566
84 602
85 580
86 564
87 642
88 631
89 603
90 625
91 561
92 580
93 625
94 609
95 608
96 641
97 625
98 653
99 594
100 662
101 626
102 687
103 674
104 710
105 749
106 662
107 668
108 761
109 738
110 773
111 787
112 789
113 834
114 841
115 841
116 923
117 933
118 951
119 1006
120 1033
121 1050
122 1051
123 1117
124 1184
125 1234
126 1232
127 1399
128 1444
129 1563
130 1629
131 1680
132 1786
133 1926
134 2017
135 2103
136 2297
137 2285
138 2311
139 2515
140 2573
141 2637
142 2722
143 2810
144 2746
145 2862
146 2908
147 2851
148 2801
149 2824
150 2689
151 2506
152 2445
153 2306
154 2107
155 2006
156 1826
157 1669
158 1512
159 1365
160 1125
161 1110
162 930
163 726
164 649
165 536
166 420
167 319
168 243
169 190
170 147
171 106
172 76
173 61
174 42
175 28
176 15
177 6
178 4
179 8
180 7
181 2
182 5
183 0
184 0
185 1
186 1
187 0
188 0
189 0
190 0
191 0
192 0
193 0
194 0
195 0
196 0
197 0
198 0
199 0
200 0
201 0
202 0
203 0
204 0
205 0
206 0
207 0
208 0
209 0
210 0
211 0
212 0
213 0
214 0
215 0
216 0
217 0
218 0
219 0
220 0
221 0
222 0
223 0
224 0
225 0
226 0
227 0
228 0
229 0
230 0
231 0
232 0
233 0
234 0
235 0
236 0
237 0
238 0
239 0
240 0
241 0
242 0
243 0
244 0
245 0
246 0
247 0
248 0
249 0
250 0
251 0
252 0
253 0
254 0
255 0
256 0
257 0
258 0
259 0
260 0
261 0
262 0
263 0
264 0
265 0
266 0
267 0
268 0
269 0
270 0
271 0
272 0
273 0
274 0
275 0
276 0
277 0
278 0
279 0
280 0
281 0
282 0
283 0
284 0
285 0
286 0
287 0
288 0
289 0
290 0
291 0
292 0
293 0
294 0
295 0
296 0
297 0
298 0
299 0
300 0
301 0
302 0
303 0
304 0
305 0
306 0
307 0
308 0
309 0
310 0
311 0
312 0
313 0
314 0
315 0
316 0
317 0
318 0
319 0
320 0
321 0
322 0
323 0
324 0
325 0
326 0
327 0
328 0
329 0
330 0
331 0
332 0
333 0
334 0
335 0
336 0
337 0
338 0
339 0
340 0
341 0
342 0
343 0
344 0
345 0
346 0
347 0
348 0
349 0
350 0
351 0
352 0
353 0
354 0
355 0
356 0
357 0
358 0
359 0
360 0
361 0
362 0
363 0
364 0
365 0
366 0
367 0
368 0
369 0
370 0
371 0
372 0
373 0
374 0
375 0
376 0
377 0
378 0
379 0
380 0
381 0
382 0
383 0
384 0
385 0
386 0
387 0
388 0
389 0
390 0
391 0
392 0
393 0
394 0
395 0
396 0
397 0
398 0
399 0
400 0
401 0
402 0
403 0
404 0
405 0
406 0
407 0
408 0
409 0
410 0
411 0
412 0
413 0
414 0
415 0
416 0
417 0
418 0
419 0
420 0
421 0
422 0
423 0
424 0
425 0
426 0
427 0
428 0
429 0
430 0
431 0
432 0
433 0
434 0
435 0
436 0
437 0
438 0
439 0
440 0
441 0
442 0
443 0
444 0
445 0
446 0
447 0
448 0
449 0
450 0
451 0
452 0
453 0
454 0
455 0
456 0
457 0
458 0
459 0
460 0
461 0
462 0
463 0
464 0
465 0
466 0
467 0
468 0
469 0
470 0
471 0
472 0
473 0
474 0
475 0
476 0
477 0
478 0
479 0
480 0
481 0
482 0
483 0
484 0
485 0
486 0
487 0
488 0
489 0
490 0
491 0
492 0
493 0
494 0
495 0
496 0
497 0
498 0
499 0
500 0
501 0
502 0
503 0
504 0
505 0
506 0
507 0
508 0
509 0
510 0
511 0
512 0
