1 0
2 166
3 403
4 522
5 668
6 738
7 861
8 948
9 1004
10 1109
11 1092
12 1176
13 1183
14 1110
15 1218
16 1145
17 1132
18 1178
19 1154
20 1169
21 1183
22 1094
23 1126
24 1142
25 1062
26 1109
27 1126
28 1015
29 1055
30 1053
31 1020
32 1037
33 1058
34 960
35 944
36 975
37 950
38 964
39 879
40 897
41 893
42 929
43 927
44 827
45 868
46 780
47 899
48 778
49 779
50 815
51 788
52 794
53 778
54 763
55 759
56 741
57 717
58 729
59 708
60 714
61 684
62 669
63 665
64 632
65 681
66 660
67 637
68 620
69 625
70 625
71 618
72 577
73 581
74 635
75 561
76 593
77 565
78 587
79 597
80 541
81 564
82 569
83 553
84 532
85 524
86 542
87 520
88 534
89 538
90 544
91 524
92 526
93 522
94 495
95 538
96 497
97 513
98 461
99 497
100 487
101 520
102 497
103 512
104 507
105 489
106 493
107 485
108 457
109 470
110 516
111 480
112 480
113 477
114 464
115 496
116 438
117 466
118 474
119 525
120 513
121 463
122 497
123 490
124 438
125 432
126 486
127 439
128 501
129 482
130 535
131 479
132 471
133 495
134 496
135 483
136 469
137 462
138 504
139 524
140 513
141 575
142 505
143 534
144 548
145 548
146 580
147 555
148 531
149 538
150 581
151 561
152 568
153 604
154 587
155 597
156 623
157 619
158 574
159 682
160 693
161 701
162 769
163 744
164 737
165 758
166 752
167 776
168 821
169 884
170 942
171 985
172 962
173 1011
174 1041
175 1130
176 1206
177 1216
178 1272
179 1417
180 1467
181 1456
182 1612
183 1662
184 1751
185 1941
186 1871
187 2055
188 2201
189 2414
190 2370
191 2566
192 2516
193 2740
194 2764
195 2867
196 3035
197 3038
198 3089
199 3062
200 3052
201 3071
202 3061
203 3010
204 2952
205 2814
206 2700
207 2500
208 2409
209 2205
210 2030
211 1900
212 1738
213 1505
214 1390
215 1210
216 999
217 869
218 737
219 685
220 589
221 454
222 361
223 282
224 242
225 193
226 139
227 88
228 71
229 61
230 50
231 32
232 20
233 15
234 7
235 5
236 3
237 3
238 5
239 0
240 0
241 0
242 0
243 0
244 0
245 0
246 1
247 0
248 0
249 0
250 0
251 0
252 0
253 0
254 0
255 0
256 0
257 0
258 0
259 0
260 0
261 0
262 0
263 0
264 0
265 0
266 0
267 0
268 0
269 0
270 0
271 0
272 0
273 0
274 0
275 0
276 0
277 0
278 0
279 0
280 0
281 0
282 0
283 0
284 0
285 0
286 0
287 0
288 0
289 0
290 0
291 0
292 0
293 0
294 0
295 0
296 0
297 0
298 0
299 0
300 0
301 0
302 0
303 0
304 0
305 0
306 0
307 0
308 0
309 0
310 0
311 0
312 0
313 0
314 0
315 0
316 0
317 0
318 0
319 0
320 0
321 0
322 0
323 0
324 0
325 0
326 0
327 0
328 0
329 0
330 0
331 0
332 0
333 0
334 0
335 0
336 0
337 0
338 0
339 0
340 0
341 0
342 0
343 0
344 0
345 0
346 0
347 0
348 0
349 0
350 0
351 0
352 0
353 0
354 0
355 0
356 0
357 0
358 0
359 0
360 0
361 0
362 0
363 0
364 0
365 0
366 0
367 0
368 0
369 0
370 0
371 0
372 0
373 0
374 0
375 0
376 0
377 0
378 0
379 0
380 0
381 0
382 0
383 0
384 0
385 0
386 0
387 0
388 0
389 0
390 0
391 0
392 0
393 0
394 0
395 0
396 0
397 0
398 0
399 0
400 0
401 0
402 0
403 0
404 0
405 0
406 0
407 0
408 0
409 0
410 0
411 0
412 0
413 0
414 0
415 0
416 0
417 0
418 0
419 0
420 0
421 0
422 0
423 0
424 0
425 0
426 0
427 0
428 0
429 0
430 0
431 0
432 0
433 0
434 0
435 0
436 0
437 0
438 0
439 0
440 0
441 0
442 0
443 0
444 0
445 0
446 0
447 0
448 0
449 0
450 0
451 0
452 0
453 0
454 0
455 0
456 0
457 0
458 0
459 0
460 0
461 0
462 0
463 0
464 0
465 0
466 0
467 0
468 0
469 0
470 0
471 0
472 0
473 0
474 0
475 0
476 0
477 0
478 0
479 0
480 0
481 0
482 0
483 0
484 0
485 0
486 0
487 0
488 0
489 0
490 0
491 0
492 0
493 0
494 0
495 0
496 0
497 0
498 0
499 0
500 0
501 0
502 0
503 0
504 0
505 0
506 0
507 0
508 0
509 0
510 0
511 0
512 0
