1 0
2 112
3 311
4 382
5 482
6 583
7 618
8 728
9 781
10 786
11 785
12 800
13 897
14 913
15 887
16 899
17 918
18 908
19 926
20 820
21 870
22 909
23 868
24 849
25 826
26 802
27 802
28 826
29 813
30 779
31 775
32 759
33 792
34 786
35 765
36 781
37 732
38 743
39 732
40 730
41 741
42 708
43 774
44 737
45 667
46 678
47 694
48 672
49 661
50 691
51 706
52 682
53 645
54 638
55 632
56 649
57 655
58 639
59 639
60 586
61 620
62 588
63 601
64 567
65 594
66 606
67 639
68 553
69 516
70 561
71 545
72 580
73 553
74 514
75 530
76 550
77 501
78 529
79 569
80 452
81 485
82 512
83 562
84 525
85 503
86 518
87 491
88 512
89 484
90 501
91 478
92 484
93 475
94 466
95 429
96 457
97 425
98 460
99 447
100 448
101 451
102 461
103 445
104 458
105 414
106 417
107 409
108 411
109 403
110 404
111 417
112 421
113 410
114 420
115 393
116 432
117 383
118 392
119 411
120 389
121 393
122 389
123 393
124 405
125 387
126 332
127 404
128 385
129 383
130 398
131 390
132 372
133 373
134 355
135 370
136 369
137 366
138 357
139 374
140 367
141 398
142 360
143 372
144 391
145 363
146 394
147 374
148 343
149 386
150 371
151 415
152 380
153 399
154 391
155 373
156 357
157 365
158 365
159 401
160 376
161 400
162 408
163 398
164 397
165 409
166 387
167 395
168 403
169 381
170 405
171 393
172 407
173 417
174 394
175 440
176 413
177 419
178 409
179 416
180 455
181 416
182 454
183 432
184 437
185 441
186 409
187 436
188 480
189 478
190 458
191 468
192 495
193 490
194 520
195 510
196 514
197 556
198 513
199 551
200 567
201 567
202 595
203 594
204 631
205 624
206 597
207 628
208 661
209 699
210 717
211 750
212 711
213 769
214 776
215 790
216 871
217 884
218 883
219 936
220 996
221 1010
222 1107
223 1077
224 1138
225 1222
226 1343
227 1335
228 1431
229 1533
230 1534
231 1686
232 1771
233 1821
234 1977
235 2049
236 2096
237 2281
238 2252
239 2358
240 2536
241 2547
242 2757
243 2765
244 2744
245 2894
246 2928
247 2851
248 2914
249 2726
250 2748
251 2643
252 2622
253 2529
254 2405
255 2344
256 2131
257 2094
258 1853
259 1794
260 1516
261 1428
262 1322
263 1161
264 1021
265 897
266 759
267 669
268 550
269 481
270 397
271 354
272 265
273 219
274 164
275 148
276 114
277 92
278 54
279 52
280 43
281 22
282 9
283 15
284 13
285 4
286 2
287 2
288 2
289 2
290 0
291 0
292 0
293 0
294 0
295 0
296 0
297 0
298 0
299 0
300 0
301 0
302 0
303 0
304 0
305 0
306 0
307 0
308 0
309 0
310 0
311 0
312 0
313 0
314 0
315 0
316 0
317 0
318 0
319 0
320 0
321 0
322 0
323 0
324 0
325 0
326 0
327 0
328 0
329 0
330 0
331 0
332 0
333 0
334 0
335 0
336 0
337 0
338 0
339 0
340 0
341 0
342 0
343 0
344 0
345 0
346 0
347 0
348 0
349 0
350 0
351 0
352 0
353 0
354 0
355 0
356 0
357 0
358 0
359 0
360 0
361 0
362 0
363 0
364 0
365 0
366 0
367 0
368 0
369 0
370 0
371 0
372 0
373 0
374 0
375 0
376 0
377 0
378 0
379 0
380 0
381 0
382 0
383 0
384 0
385 0
386 0
387 0
388 0
389 0
390 0
391 0
392 0
393 0
394 0
395 0
396 0
397 0
398 0
399 0
400 0
401 0
402 0
403 0
404 0
405 0
406 0
407 0
408 0
409 0
410 0
411 0
412 0
413 0
414 0
415 0
416 0
417 0
418 0
419 0
420 0
421 0
422 0
423 0
424 0
425 0
426 0
427 0
428 0
429 0
430 0
431 0
432 0
433 0
434 0
435 0
436 0
437 0
438 0
439 0
440 0
441 0
442 0
443 0
444 0
445 0
446 0
447 0
448 0
449 0
450 0
451 0
452 0
453 0
454 0
455 0
456 0
457 0
458 0
459 0
460 0
461 0
462 0
463 0
464 0
465 0
466 0
467 0
468 0
469 0
470 0
471 0
472 0
473 0
474 0
475 0
476 0
477 0
478 0
479 0
480 0
481 0
482 0
483 0
484 0
485 0
486 0
487 0
488 0
489 0
490 0
491 0
492 0
493 0
494 0
495 0
496 0
497 0
498 0
499 0
500 0
501 0
502 0
503 0
504 0
505 0
506 0
507 0
508 0
509 0
510 0
511 0
512 0
