1 0
2 99
3 286
4 326
5 379
6 471
7 544
8 583
9 627
10 636
11 643
12 704
13 741
14 737
15 704
16 718
17 671
18 672
19 703
20 720
21 706
22 701
23 664
24 661
25 657
26 642
27 692
28 621
29 614
30 600
31 591
32 601
33 523
34 559
35 590
36 552
37 587
38 542
39 586
40 562
41 524
42 556
43 515
44 482
45 545
46 489
47 550
48 526
49 488
50 531
51 503
52 522
53 503
54 515
55 548
56 485
57 468
58 492
59 482
60 489
61 517
62 486
63 466
64 519
65 473
66 420
67 471
68 459
69 503
70 489
71 451
72 463
73 498
74 452
75 442
76 452
77 430
78 441
79 450
80 420
81 471
82 404
83 435
84 453
85 427
86 407
87 430
88 388
89 403
90 422
91 408
92 367
93 456
94 390
95 382
96 409
97 383
98 389
99 426
100 411
101 396
102 387
103 383
104 340
105 427
106 405
107 374
108 391
109 406
110 400
111 369
112 360
113 408
114 363
115 391
116 356
117 379
118 332
119 362
120 369
121 355
122 355
123 333
124 366
125 336
126 350
127 337
128 350
129 343
130 343
131 331
132 328
133 349
134 324
135 291
136 327
137 334
138 331
139 305
140 356
141 315
142 282
143 296
144 297
145 328
146 286
147 326
148 334
149 318
150 320
151 360
152 284
153 352
154 287
155 285
156 334
157 296
158 316
159 303
160 321
161 314
162 321
163 304
164 308
165 307
166 293
167 316
168 268
169 303
170 302
171 308
172 297
173 297
174 290
175 288
176 294
177 291
178 264
179 310
180 294
181 310
182 274
183 302
184 304
185 325
186 285
187 324
188 306
189 312
190 325
191 287
192 321
193 313
194 301
195 308
196 292
197 290
198 323
199 304
200 316
201 309
202 286
203 297
204 329
205 318
206 300
207 325
208 269
209 301
210 336
211 325
212 302
213 337
214 318
215 317
216 334
217 349
218 369
219 342
220 368
221 354
222 371
223 346
224 376
225 361
226 349
227 392
228 338
229 383
230 378
231 371
232 402
233 401
234 386
235 436
236 369
237 441
238 394
239 417
240 418
241 437
242 375
243 417
244 464
245 414
246 486
247 446
248 431
249 536
250 496
251 527
252 517
253 555
254 534
255 568
256 560
257 547
258 573
259 590
260 574
261 622
262 649
263 665
264 677
265 729
266 740
267 755
268 801
269 884
270 808
271 861
272 940
273 916
274 987
275 1088
276 1104
277 1118
278 1220
279 1276
280 1294
281 1422
282 1501
283 1558
284 1652
285 1781
286 1859
287 1889
288 1992
289 2039
290 2166
291 2214
292 2268
293 2352
294 2490
295 2517
296 2530
297 2599
298 2677
299 2454
300 2626
301 2671
302 2475
303 2488
304 2431
305 2341
306 2262
307 2200
308 2109
309 1956
310 1844
311 1729
312 1567
313 1422
314 1316
315 1216
316 1084
317 907
318 813
319 686
320 633
321 556
322 445
323 397
324 332
325 294
326 219
327 149
328 140
329 115
330 91
331 66
332 53
333 33
334 32
335 20
336 13
337 15
338 13
339 9
340 9
341 2
342 1
343 0
344 0
345 0
346 1
347 0
348 0
349 0
350 0
351 0
352 0
353 0
354 0
355 0
356 0
357 0
358 0
359 0
360 0
361 0
362 0
363 0
364 0
365 0
366 0
367 0
368 0
369 0
370 0
371 0
372 0
373 0
374 0
375 0
376 0
377 0
378 0
379 0
380 0
381 0
382 0
383 0
384 0
385 0
386 0
387 0
388 0
389 0
390 0
391 0
392 0
393 0
394 0
395 0
396 0
397 0
398 0
399 0
400 0
401 0
402 0
403 0
404 0
405 0
406 0
407 0
408 0
409 0
410 0
411 0
412 0
413 0
414 0
415 0
416 0
417 0
418 0
419 0
420 0
421 0
422 0
423 0
424 0
425 0
426 0
427 0
428 0
429 0
430 0
431 0
432 0
433 0
434 0
435 0
436 0
437 0
438 0
439 0
440 0
441 0
442 0
443 0
444 0
445 0
446 0
447 0
448 0
449 0
450 0
451 0
452 0
453 0
454 0
455 0
456 0
457 0
458 0
459 0
460 0
461 0
462 0
463 0
464 0
465 0
466 0
467 0
468 0
469 0
470 0
471 0
472 0
473 0
474 0
475 0
476 0
477 0
478 0
479 0
480 0
481 0
482 0
483 0
484 0
485 0
486 0
487 0
488 0
489 0
490 0
491 0
492 0
493 0
494 0
495 0
496 0
497 0
498 0
499 0
500 0
501 0
502 0
503 0
504 0
505 0
506 0
507 0
508 0
509 0
510 0
511 0
512 0
