1 0
2 115
3 225
4 287
5 356
6 426
7 499
8 546
9 579
10 634
11 647
12 728
13 691
14 663
15 676
16 683
17 590
18 619
19 645
20 584
21 572
22 619
23 532
24 517
25 541
26 525
27 487
28 479
29 485
30 462
31 488
32 501
33 482
34 467
35 450
36 468
37 436
38 424
39 440
40 426
41 420
42 411
43 380
44 420
45 431
46 382
47 412
48 374
49 395
50 386
51 380
52 363
53 399
54 347
55 378
56 391
57 345
58 377
59 366
60 389
61 350
62 373
63 386
64 386
65 382
66 358
67 357
68 354
69 361
70 385
71 377
72 336
73 356
74 333
75 371
76 364
77 357
78 352
79 395
80 360
81 346
82 327
83 344
84 338
85 331
86 376
87 325
88 342
89 333
90 353
91 331
92 324
93 319
94 338
95 346
96 350
97 346
98 306
99 301
100 347
101 319
102 363
103 346
104 305
105 310
106 322
107 319
108 315
109 300
110 296
111 309
112 300
113 329
114 307
115 290
116 290
117 312
118 294
119 320
120 318
121 310
122 311
123 284
124 333
125 319
126 282
127 299
128 302
129 304
130 281
131 277
132 304
133 291
134 279
135 272
136 293
137 274
138 256
139 277
140 269
141 299
142 305
143 289
144 264
145 274
146 269
147 277
148 273
149 256
150 312
151 260
152 268
153 297
154 272
155 250
156 267
157 262
158 273
159 262
160 253
161 286
162 250
163 298
164 259
165 271
166 273
167 243
168 260
169 254
170 246
171 246
172 252
173 252
174 238
175 272
176 245
177 255
178 250
179 234
180 252
181 243
182 263
183 234
184 241
185 223
186 271
187 270
188 271
189 249
190 227
191 223
192 223
193 229
194 224
195 243
196 240
197 224
198 245
199 221
200 208
201 225
202 249
203 218
204 227
205 221
206 225
207 238
208 252
209 198
210 243
211 262
212 251
213 229
214 236
215 223
216 222
217 250
218 252
219 251
220 230
221 257
222 242
223 268
224 246
225 235
226 217
227 243
228 243
229 240
230 227
231 249
232 239
233 267
234 264
235 245
236 228
237 214
238 250
239 237
240 249
241 229
242 234
243 259
244 243
245 248
246 241
247 262
248 249
249 266
250 271
251 274
252 279
253 311
254 266
255 258
256 260
257 293
258 296
259 284
260 298
261 265
262 300
263 278
264 309
265 316
266 307
267 263
268 287
269 345
270 314
271 337
272 308
273 348
274 333
275 318
276 312
277 362
278 330
279 345
280 349
281 304
282 351
283 315
284 374
285 340
286 353
287 349
288 389
289 362
290 378
291 385
292 372
293 366
294 381
295 444
296 397
297 437
298 447
299 442
300 457
301 449
302 415
303 464
304 443
305 490
306 467
307 540
308 547
309 515
310 546
311 578
312 593
313 593
314 588
315 651
316 653
317 670
318 676
319 715
320 727
321 781
322 783
323 796
324 841
325 896
326 937
327 938
328 1000
329 1028
330 1068
331 1222
332 1183
333 1229
334 1322
335 1375
336 1443
337 1586
338 1594
339 1622
340 1793
341 1859
342 1850
343 1956
344 2023
345 2054
346 2227
347 2132
348 2188
349 2257
350 2380
351 2303
352 2208
353 2167
354 2224
355 2195
356 2153
357 2139
358 2049
359 2010
360 1893
361 1768
362 1718
363 1581
364 1457
365 1395
366 1304
367 1194
368 1040
369 995
370 863
371 738
372 687
373 594
374 495
375 451
376 348
377 367
378 277
379 239
380 171
381 149
382 144
383 93
384 76
385 76
386 53
387 48
388 32
389 18
390 19
391 16
392 8
393 4
394 6
395 5
396 2
397 1
398 1
399 0
400 0
401 0
402 1
403 0
404 1
405 0
406 0
407 0
408 0
409 0
410 0
411 0
412 0
413 0
414 0
415 0
416 0
417 0
418 0
419 0
420 0
421 0
422 0
423 0
424 0
425 0
426 0
427 0
428 0
429 0
430 0
431 0
432 0
433 0
434 0
435 0
436 0
437 0
438 0
439 0
440 0
441 0
442 0
443 0
444 0
445 0
446 0
447 0
448 0
449 0
450 0
451 0
452 0
453 0
454 0
455 0
456 0
457 0
458 0
459 0
460 0
461 0
462 0
463 0
464 0
465 0
466 0
467 0
468 0
469 0
470 0
471 0
472 0
473 0
474 0
475 0
476 0
477 0
478 0
479 0
480 0
481 0
482 0
483 0
484 0
485 0
486 0
487 0
488 0
489 0
490 0
491 0
492 0
493 0
494 0
495 0
496 0
497 0
498 0
499 0
500 0
501 0
502 0
503 0
504 0
505 0
506 0
507 0
508 0
509 0
510 0
511 0
512 0
