1 0
2 105
3 262
4 313
5 384
6 423
7 552
8 592
9 631
10 678
11 669
12 655
13 674
14 703
15 646
16 635
17 678
18 609
19 608
20 571
21 574
22 551
23 544
24 507
25 497
26 503
27 499
28 438
29 454
30 435
31 426
32 427
33 407
34 370
35 381
36 395
37 375
38 366
39 374
40 359
41 322
42 325
43 329
44 312
45 328
46 372
47 329
48 292
49 286
50 312
51 276
52 286
53 331
54 348
55 301
56 245
57 270
58 299
59 250
60 281
61 285
62 280
63 264
64 276
65 285
66 287
67 289
68 297
69 260
70 254
71 296
72 261
73 289
74 301
75 286
76 286
77 268
78 264
79 285
80 277
81 246
82 280
83 267
84 275
85 305
86 290
87 282
88 274
89 298
90 290
91 288
92 271
93 284
94 279
95 280
96 289
97 241
98 265
99 283
100 273
101 300
102 265
103 266
104 281
105 253
106 281
107 260
108 273
109 279
110 281
111 253
112 254
113 265
114 236
115 243
116 263
117 234
118 233
119 254
120 272
121 288
122 224
123 260
124 240
125 246
126 241
127 241
128 255
129 274
130 252
131 248
132 266
133 248
134 249
135 233
136 235
137 253
138 256
139 249
140 255
141 253
142 269
143 222
144 260
145 234
146 243
147 253
148 254
149 248
150 251
151 248
152 241
153 229
154 208
155 236
156 248
157 234
158 234
159 215
160 230
161 233
162 230
163 213
164 211
165 239
166 213
167 233
168 242
169 228
170 223
171 222
172 194
173 230
174 218
175 239
176 221
177 226
178 228
179 241
180 202
181 215
182 223
183 240
184 187
185 233
186 219
187 214
188 216
189 229
190 211
191 216
192 228
193 198
194 221
195 197
196 216
197 210
198 216
199 211
200 207
201 209
202 218
203 189
204 205
205 222
206 178
207 192
208 206
209 205
210 208
211 217
212 180
213 188
214 208
215 183
216 210
217 197
218 212
219 212
220 225
221 201
222 204
223 203
224 199
225 210
226 200
227 225
228 204
229 216
230 194
231 207
232 197
233 197
234 184
235 209
236 202
237 183
238 201
239 212
240 221
241 217
242 198
243 212
244 187
245 217
246 190
247 194
248 194
249 191
250 193
251 192
252 194
253 193
254 192
255 178
256 199
257 198
258 203
259 217
260 216
261 203
262 195
263 205
264 241
265 192
266 220
267 216
268 199
269 231
270 219
271 215
272 209
273 193
274 210
275 258
276 227
277 223
278 231
279 211
280 211
281 214
282 190
283 224
284 211
285 215
286 243
287 219
288 237
289 226
290 247
291 234
292 240
293 231
294 241
295 235
296 239
297 267
298 246
299 245
300 240
301 281
302 232
303 247
304 278
305 243
306 263
307 287
308 255
309 255
310 282
311 305
312 245
313 266
314 250
315 276
316 295
317 265
318 296
319 282
320 278
321 285
322 312
323 306
324 304
325 305
326 329
327 300
328 293
329 330
330 281
331 318
332 328
333 307
334 336
335 312
336 327
337 326
338 328
339 370
340 415
341 359
342 340
343 428
344 382
345 404
346 403
347 404
348 435
349 434
350 442
351 414
352 464
353 487
354 487
355 476
356 495
357 538
358 490
359 524
360 513
361 521
362 567
363 625
364 622
365 597
366 665
367 718
368 635
369 728
370 753
371 751
372 791
373 800
374 835
375 871
376 900
377 937
378 1061
379 1079
380 1132
381 1135
382 1163
383 1234
384 1273
385 1367
386 1493
387 1476
388 1568
389 1578
390 1666
391 1771
392 1792
393 1811
394 1837
395 1998
396 1859
397 1939
398 2048
399 1881
400 2011
401 1991
402 1901
403 1985
404 1876
405 1747
406 1837
407 1729
408 1676
409 1626
410 1563
411 1366
412 1341
413 1278
414 1144
415 1098
416 942
417 874
418 840
419 805
420 640
421 608
422 522
423 421
424 446
425 323
426 312
427 239
428 214
429 189
430 141
431 132
432 93
433 90
434 79
435 58
436 53
437 36
438 30
439 14
440 26
441 16
442 4
443 7
444 5
445 4
446 2
447 0
448 2
449 0
450 1
451 0
452 0
453 0
454 0
455 1
456 1
457 0
458 0
459 0
460 0
461 0
462 0
463 0
464 0
465 0
466 0
467 0
468 0
469 0
470 0
471 0
472 0
473 0
474 0
475 0
476 0
477 0
478 0
479 0
480 0
481 0
482 0
483 0
484 0
485 0
486 0
487 0
488 0
489 0
490 0
491 0
492 0
493 0
494 0
495 0
496 0
497 0
498 0
499 0
500 0
501 0
502 0
503 0
504 0
505 0
506 0
507 0
508 0
509 0
510 0
511 0
512 0
