1 0
2 3175
3 6754
4 7161
5 6903
6 6825
7 6740
8 6429
9 6232
10 5859
11 5722
12 5585
13 5456
14 5463
15 5250
16 5152
17 5153
18 5111
19 4907
20 4792
21 4776
22 4716
23 4657
24 4799
25 4628
26 4709
27 4759
28 4657
29 4717
30 4869
31 4598
32 4798
33 4605
34 4605
35 4641
36 4585
37 4695
38 4761
39 4876
40 4921
41 5268
42 5185
43 5457
44 5499
45 5413
46 5322
47 5349
48 5043
49 4969
50 5014
51 4636
52 4643
53 4499
54 4349
55 4269
56 4060
57 3904
58 3958
59 3837
60 3586
61 3564
62 3514
63 3441
64 3466
65 3275
66 3225
67 3172
68 3069
69 3064
70 3024
71 3040
72 2955
73 2842
74 2769
75 2785
76 2827
77 2772
78 2724
79 2682
80 2541
81 2638
82 2563
83 2532
84 2489
85 2512
86 2414
87 2445
88 2343
89 2308
90 2428
91 2297
92 2363
93 2315
94 2343
95 2462
96 2420
97 2375
98 2395
99 2459
100 2450
101 2535
102 2586
103 2468
104 2564
105 2544
106 2431
107 2540
108 2433
109 2280
110 2297
111 2019
112 1918
113 1939
114 1708
115 1658
116 1679
117 1561
118 1516
119 1527
120 1503
121 1535
122 1560
123 1577
124 1732
125 1797
126 1741
127 1874
128 1901
129 1922
130 2022
131 2040
132 2052
133 1975
134 1921
135 1863
136 1782
137 1778
138 1654
139 1806
140 1808
141 1892
142 2167
143 2446
144 2772
145 3314
146 3883
147 4271
148 4880
149 5131
150 5601
151 5851
152 5963
153 5777
154 5451
155 5115
156 4675
157 4152
158 3630
159 2976
160 2421
161 1929
162 1494
163 1133
164 804
165 691
166 442
167 354
168 234
169 187
170 160
171 127
172 102
173 90
174 81
175 75
176 80
177 80
178 75
179 75
180 67
181 70
182 56
183 53
184 74
185 65
186 54
187 64
188 62
189 53
190 60
191 54
192 65
193 60
194 40
195 55
196 49
197 63
198 41
199 46
200 42
201 47
202 33
203 38
204 29
205 31
206 26
207 26
208 37
209 24
210 21
211 33
212 32
213 21
214 30
215 30
216 19
217 20
218 20
219 20
220 17
221 19
222 17
223 14
224 17
225 15
226 11
227 14
228 12
229 8
230 12
231 15
232 9
233 8
234 15
235 6
236 4
237 4
238 4
239 10
240 5
241 2
242 4
243 2
244 0
245 3
246 1
247 2
248 0
249 1
250 1
251 0
252 2
253 1
254 0
255 0
256 1
257 0
258 0
259 0
260 1
261 0
262 0
263 0
264 0
265 0
266 0
267 0
268 0
269 0
270 0
271 0
272 0
273 0
274 0
275 0
276 0
277 0
278 0
279 0
280 0
281 0
282 0
283 0
284 0
285 0
286 0
287 0
288 0
289 0
290 0
291 0
292 0
293 0
294 0
295 0
296 0
297 0
298 0
299 0
300 0
301 0
302 0
303 0
304 0
305 0
306 0
307 0
308 0
309 0
310 0
311 0
312 0
313 0
314 0
315 0
316 0
317 0
318 0
319 0
320 0
321 0
322 0
323 0
324 0
325 0
326 0
327 0
328 0
329 0
330 0
331 0
332 0
333 0
334 0
335 0
336 0
337 0
338 0
339 0
340 0
341 0
342 0
343 0
344 0
345 0
346 0
347 0
348 0
349 0
350 0
351 0
352 0
353 0
354 0
355 0
356 0
357 0
358 0
359 0
360 0
361 0
362 0
363 0
364 0
365 0
366 0
367 0
368 0
369 0
370 0
371 0
372 0
373 0
374 0
375 0
376 0
377 0
378 0
379 0
380 0
381 0
382 0
383 0
384 0
385 0
386 0
387 0
388 0
389 0
390 0
391 0
392 0
393 0
394 0
395 0
396 0
397 0
398 0
399 0
400 0
401 0
402 0
403 0
404 0
405 0
406 0
407 0
408 0
409 0
410 0
411 0
412 0
413 0
414 0
415 0
416 0
417 0
418 0
419 0
420 0
421 0
422 0
423 0
424 0
425 0
426 0
427 0
428 0
429 0
430 0
431 0
432 0
433 0
434 0
435 0
436 0
437 0
438 0
439 0
440 0
441 0
442 0
443 0
444 0
445 0
446 0
447 0
448 0
449 0
450 0
451 0
452 0
453 0
454 0
455 0
456 0
457 0
458 0
459 0
460 0
461 0
462 0
463 0
464 0
465 0
466 0
467 0
468 0
469 0
470 0
471 0
472 0
473 0
474 0
475 0
476 0
477 0
478 0
479 0
480 0
481 0
482 0
483 0
484 0
485 0
486 0
487 0
488 0
489 0
490 0
491 0
492 0
493 0
494 0
495 0
496 0
497 0
498 0
499 0
500 0
501 0
502 0
503 0
504 0
505 0
506 0
507 0
508 0
509 0
510 0
511 0
512 0
