 1 2
 2 1
 3 692
 4 1601
 5 1629
 6 1779
 7 1855
 8 1838
 9 1696
 10 1564
 11 1417
 12 1319
 13 1221
 14 1124
 15 1067
 16 990
 17 958
 18 945
 19 1014
 20 942
 21 986
 22 987
 23 1025
 24 1003
 25 1024
 26 933
 27 951
 28 979
 29 947
 30 974
 31 955
 32 909
 33 901
 34 957
 35 952
 36 941
 37 921
 38 930
 39 936
 40 1001
 41 1036
 42 919
 43 936
 44 879
 45 891
 46 897
 47 789
 48 831
 49 811
 50 816
 51 759
 52 763
 53 744
 54 744
 55 745
 56 754
 57 704
 58 732
 59 718
 60 686
 61 690
 62 671
 63 690
 64 601
 65 640
 66 636
 67 640
 68 658
 69 582
 70 647
 71 625
 72 580
 73 560
 74 596
 75 545
 76 556
 77 565
 78 520
 79 541
 80 466
 81 461
 82 487
 83 479
 84 496
 85 471
 86 431
 87 470
 88 476
 89 421
 90 449
 91 449
 92 430
 93 464
 94 416
 95 394
 96 377
 97 393
 98 435
 99 397
 100 409
 101 387
 102 355
 103 340
 104 362
 105 369
 106 387
 107 343
 108 351
 109 368
 110 386
 111 334
 112 348
 113 324
 114 332
 115 326
 116 362
 117 316
 118 306
 119 313
 120 298
 121 307
 122 319
 123 277
 124 286
 125 316
 126 320
 127 311
 128 343
 129 292
 130 280
 131 281
 132 293
 133 307
 134 306
 135 272
 136 316
 137 289
 138 315
 139 305
 140 293
 141 299
 142 306
 143 298
 144 303
 145 331
 146 302
 147 287
 148 276
 149 294
 150 279
 151 286
 152 272
 153 275
 154 284
 155 263
 156 266
 157 245
 158 265
 159 277
 160 258
 161 247
 162 222
 163 223
 164 251
 165 236
 166 242
 167 247
 168 263
 169 248
 170 256
 171 226
 172 254
 173 261
 174 251
 175 247
 176 255
 177 270
 178 236
 179 234
 180 243
 181 265
 182 290
 183 247
 184 245
 185 278
 186 238
 187 267
 188 279
 189 281
 190 257
 191 236
 192 281
 193 248
 194 268
 195 279
 196 241
 197 292
 198 236
 199 260
 200 304
 201 283
 202 261
 203 284
 204 257
 205 245
 206 272
 207 268
 208 242
 209 240
 210 271
 211 278
 212 227
 213 238
 214 243
 215 235
 216 223
 217 218
 218 233
 219 225
 220 199
 221 196
 222 208
 223 211
 224 197
 225 182
 226 183
 227 186
 228 181
 229 171
 230 176
 231 196
 232 173
 233 148
 234 155
 235 183
 236 177
 237 166
 238 142
 239 161
 240 163
 241 156
 242 187
 243 148
 244 143
 245 141
 246 174
 247 129
 248 150
 249 153
 250 151
 251 161
 252 158
 253 167
 254 172
 255 157
 256 187
 257 170
 258 177
 259 198
 260 216
 261 201
 262 188
 263 214
 264 193
 265 186
 266 196
 267 194
 268 189
 269 184
 270 192
 271 186
 272 164
 273 182
 274 169
 275 152
 276 131
 277 107
 278 97
 279 106
 280 102
 281 93
 282 91
 283 106
 284 87
 285 66
 286 91
 287 66
 288 67
 289 80
 290 74
 291 86
 292 79
 293 87
 294 81
 295 100
 296 96
 297 116
 298 107
 299 101
 300 119
 301 125
 302 109
 303 120
 304 134
 305 121
 306 124
 307 112
 308 101
 309 96
 310 102
 311 109
 312 90
 313 81
 314 90
 315 91
 316 76
 317 64
 318 72
 319 51
 320 40
 321 49
 322 37
 323 35
 324 39
 325 37
 326 36
 327 23
 328 19
 329 16
 330 15
 331 11
 332 15
 333 11
 334 12
 335 13
 336 4
 337 7
 338 3
 339 4
 340 4
 341 5
 342 3
 343 3
 344 0
 345 2
 346 1
 347 3
 348 2
 349 2
 350 0
 351 4
 352 3
 353 2
 354 2
 355 1
 356 0
 357 0
 358 1
 359 1
 360 3
 361 1
 362 1
 363 0
 364 0
 365 1
 366 0
 367 2
 368 1
 369 2
 370 1
 371 1
 372 1
 373 2
 374 0
 375 1
 376 3
 377 1
 378 2
 379 3
 380 2
 381 3
 382 0
 383 1
 384 2
 385 1
 386 2
 387 0
 388 1
 389 1
 390 2
 391 2
 392 1
 393 2
 394 1
 395 3
 396 1
 397 1
 398 0
 399 0
 400 1
 401 1
 402 1
 403 0
 404 1
 405 0
 406 0
 407 0
 408 3
 409 0
 410 0
 411 1
 412 3
 413 0
 414 0
 415 0
 416 0
 417 0
 418 0
 419 0
 420 1
 421 0
 422 0
 423 1
 424 1
 425 0
 426 0
 427 1
 428 0
 429 0
 430 1
 431 2
 432 0
 433 1
 434 0
 435 1
 436 0
 437 0
 438 0
 439 1
 440 1
 441 0
 442 1
 443 1
 444 1
 445 0
 446 1
 447 0
 448 0
 449 1
 450 0
 451 0
 452 0
 453 1
 454 1
 455 0
 456 0
 457 1
 458 0
 459 0
 460 0
 461 0
 462 0
 463 0
 464 0
 465 0
 466 0
 467 0
 468 0
 469 0
 470 0
 471 0
 472 0
 473 1
 474 0
 475 0
 476 0
 477 0
 478 0
 479 0
 480 1
 481 0
 482 1
 483 1
 484 0
 485 1
 486 0
 487 0
 488 0
 489 2
 490 1
 491 1
 492 1
 493 0
 494 1
 495 0
 496 0
 497 0
 498 1
 499 0
 500 0
 501 1
 502 0
 503 0
 504 1
 505 0
 506 0
 507 0
 508 0
 509 0
 510 2
 511 0
 512 2

