1 0
2 461
3 1196
4 1725
5 2100
6 2559
7 2797
8 3049
9 3291
10 3439
11 3475
12 3751
13 3822
14 3857
15 4029
16 4024
17 4203
18 4197
19 4195
20 4302
21 4440
22 4321
23 4409
24 4515
25 4475
26 4355
27 4560
28 4532
29 4624
30 4740
31 4517
32 4513
33 4619
34 4484
35 4601
36 4695
37 4597
38 4673
39 4484
40 4513
41 4558
42 4483
43 4570
44 4493
45 4436
46 4536
47 4366
48 4469
49 4365
50 4464
51 4242
52 4347
53 4417
54 4348
55 4350
56 4308
57 4274
58 4221
59 4252
60 4076
61 4141
62 4103
63 4147
64 4165
65 4084
66 3964
67 4067
68 3913
69 3762
70 3926
71 3720
72 3803
73 3791
74 3800
75 3711
76 3703
77 3728
78 3591
79 3707
80 3601
81 3510
82 3489
83 3485
84 3445
85 3434
86 3475
87 3431
88 3388
89 3348
90 3344
91 3290
92 3405
93 3322
94 3211
95 3204
96 3226
97 3145
98 3284
99 3224
100 3170
101 3056
102 3028
103 3021
104 3000
105 2978
106 3060
107 2897
108 2914
109 3001
110 2810
111 2941
112 2817
113 2805
114 2804
115 2935
116 2917
117 2790
118 2675
119 2805
120 2683
121 2680
122 2765
123 2667
124 2645
125 2708
126 2780
127 2724
128 2582
129 2649
130 2690
131 2656
132 2543
133 2623
134 2632
135 2618
136 2596
137 2450
138 2518
139 2552
140 2442
141 2488
142 2494
143 2439
144 2396
145 2505
146 2323
147 2411
148 2469
149 2478
150 2531
151 2385
152 2356
153 2479
154 2440
155 2434
156 2460
157 2408
158 2453
159 2415
160 2461
161 2378
162 2430
163 2398
164 2453
165 2471
166 2431
167 2403
168 2366
169 2441
170 2394
171 2422
172 2383
173 2492
174 2532
175 2425
176 2467
177 2510
178 2520
179 2515
180 2519
181 2470
182 2576
183 2544
184 2584
185 2622
186 2628
187 2657
188 2665
189 2754
190 2641
191 2802
192 2704
193 2819
194 2750
195 2775
196 2896
197 2841
198 2936
199 2997
200 2963
201 2945
202 3101
203 3087
204 3128
205 3161
206 3247
207 3199
208 3361
209 3415
210 3409
211 3515
212 3562
213 3663
214 3680
215 3672
216 3932
217 4039
218 3981
219 4258
220 4406
221 4483
222 4650
223 4883
224 4956
225 5244
226 5385
227 5552
228 5918
229 6204
230 6632
231 7122
232 7441
233 7883
234 8608
235 9120
236 10000
237 10619
238 11150
239 12254
240 13244
241 13876
242 15153
243 15940
244 17136
245 18236
246 19328
247 19805
248 21131
249 21965
250 22378
251 23715
252 23473
253 24124
254 24488
255 24449
256 24228
257 24004
258 23207
259 22906
260 22344
261 21268
262 20062
263 18888
264 17622
265 16579
266 15077
267 13650
268 12385
269 11141
270 9834
271 8739
272 7467
273 6559
274 5437
275 4572
276 3918
277 3119
278 2617
279 2067
280 1755
281 1326
282 1050
283 832
284 605
285 472
286 385
287 236
288 178
289 125
290 85
291 78
292 41
293 26
294 22
295 19
296 11
297 2
298 3
299 2
300 4
301 1
302 0
303 0
304 0
305 0
306 0
307 0
308 0
309 0
310 0
311 0
312 0
313 0
314 0
315 0
316 0
317 0
318 0
319 0
320 0
321 0
322 0
323 0
324 0
325 0
326 0
327 0
328 0
329 0
330 0
331 0
332 0
333 0
334 0
335 0
336 0
337 0
338 0
339 0
340 0
341 0
342 0
343 0
344 0
345 0
346 0
347 0
348 0
349 0
350 0
351 0
352 0
353 0
354 0
355 0
356 0
357 0
358 0
359 0
360 0
361 0
362 0
363 0
364 0
365 0
366 0
367 0
368 0
369 0
370 0
371 0
372 0
373 0
374 0
375 0
376 0
377 0
378 0
379 0
380 0
381 0
382 0
383 0
384 0
385 0
386 0
387 0
388 0
389 0
390 0
391 0
392 0
393 0
394 0
395 0
396 0
397 0
398 0
399 0
400 0
401 0
402 0
403 0
404 0
405 0
406 0
407 0
408 0
409 0
410 0
411 0
412 0
413 0
414 0
415 0
416 0
417 0
418 0
419 0
420 0
421 0
422 0
423 0
424 0
425 0
426 0
427 0
428 0
429 0
430 0
431 0
432 0
433 0
434 0
435 0
436 0
437 0
438 0
439 0
440 0
441 0
442 0
443 0
444 0
445 0
446 0
447 0
448 0
449 0
450 0
451 0
452 0
453 0
454 0
455 0
456 0
457 0
458 0
459 0
460 0
461 0
462 0
463 0
464 0
465 0
466 0
467 0
468 0
469 0
470 0
471 0
472 0
473 0
474 0
475 0
476 0
477 0
478 0
479 0
480 0
481 0
482 0
483 0
484 0
485 0
486 0
487 0
488 0
489 0
490 0
491 0
492 0
493 0
494 0
495 0
496 0
497 0
498 0
499 0
500 0
501 0
502 0
503 0
504 0
505 0
506 0
507 0
508 0
509 0
510 0
511 0
512 0
