1 0
2 362
3 1047
4 1439
5 1834
6 2073
7 2363
8 2667
9 2739
10 2934
11 3032
12 3228
13 3444
14 3416
15 3632
16 3738
17 3736
18 3767
19 3925
20 3781
21 4156
22 4161
23 4173
24 4336
25 4250
26 4259
27 4406
28 4267
29 4379
30 4539
31 4398
32 4583
33 4462
34 4487
35 4569
36 4608
37 4499
38 4604
39 4660
40 4586
41 4561
42 4613
43 4569
44 4513
45 4470
46 4508
47 4672
48 4424
49 4564
50 4499
51 4412
52 4361
53 4479
54 4302
55 4422
56 4367
57 4483
58 4361
59 4424
60 4360
61 4337
62 4340
63 4308
64 4203
65 4204
66 4135
67 4177
68 4226
69 4082
70 4174
71 4010
72 4067
73 3943
74 4011
75 3935
76 3904
77 3936
78 3860
79 3850
80 3690
81 3865
82 3796
83 3727
84 3714
85 3732
86 3550
87 3720
88 3607
89 3543
90 3649
91 3464
92 3573
93 3565
94 3432
95 3543
96 3424
97 3297
98 3365
99 3326
100 3260
101 3265
102 3250
103 3201
104 3277
105 3289
106 3053
107 3219
108 3145
109 3085
110 3083
111 3001
112 2918
113 3079
114 2969
115 2929
116 3030
117 2937
118 2949
119 2962
120 2800
121 2849
122 2861
123 2790
124 2840
125 2865
126 2831
127 2871
128 2768
129 2786
130 2732
131 2630
132 2632
133 2690
134 2649
135 2740
136 2701
137 2561
138 2634
139 2592
140 2548
141 2545
142 2545
143 2541
144 2590
145 2602
146 2481
147 2551
148 2524
149 2493
150 2461
151 2486
152 2443
153 2435
154 2496
155 2440
156 2494
157 2474
158 2472
159 2482
160 2455
161 2513
162 2565
163 2407
164 2461
165 2432
166 2462
167 2421
168 2479
169 2517
170 2493
171 2482
172 2441
173 2472
174 2470
175 2461
176 2518
177 2608
178 2524
179 2586
180 2549
181 2542
182 2714
183 2596
184 2556
185 2655
186 2629
187 2642
188 2629
189 2657
190 2676
191 2692
192 2751
193 2729
194 2772
195 2752
196 2769
197 2886
198 2865
199 2874
200 2820
201 2843
202 3024
203 3003
204 2908
205 3082
206 3031
207 3101
208 3250
209 3208
210 3275
211 3384
212 3370
213 3409
214 3321
215 3379
216 3578
217 3602
218 3678
219 3826
220 3899
221 4016
222 4165
223 4189
224 4325
225 4626
226 4628
227 4732
228 5004
229 5228
230 5361
231 5754
232 6045
233 6280
234 6797
235 6977
236 7481
237 8133
238 8830
239 9468
240 10115
241 11034
242 12200
243 12966
244 14029
245 15049
246 16266
247 17350
248 18822
249 20012
250 20677
251 22733
252 23776
253 24846
254 26067
255 26449
256 27194
257 27881
258 27883
259 28141
260 28379
261 27818
262 27507
263 26952
264 25891
265 25003
266 23873
267 22093
268 20838
269 19635
270 17709
271 16380
272 14948
273 13027
274 11651
275 10197
276 8750
277 7729
278 6306
279 5576
280 4597
281 3721
282 3127
283 2470
284 1868
285 1583
286 1217
287 914
288 665
289 516
290 374
291 280
292 208
293 160
294 97
295 63
296 55
297 40
298 12
299 17
300 12
301 12
302 5
303 3
304 3
305 0
306 1
307 1
308 0
309 0
310 0
311 0
312 0
313 0
314 0
315 0
316 0
317 0
318 0
319 0
320 0
321 0
322 0
323 0
324 0
325 0
326 0
327 0
328 0
329 0
330 0
331 0
332 0
333 0
334 0
335 0
336 0
337 0
338 0
339 0
340 0
341 0
342 0
343 0
344 0
345 0
346 0
347 0
348 0
349 0
350 0
351 0
352 0
353 0
354 0
355 0
356 0
357 0
358 0
359 0
360 0
361 0
362 0
363 0
364 0
365 0
366 0
367 0
368 0
369 0
370 0
371 0
372 0
373 0
374 0
375 0
376 0
377 0
378 0
379 0
380 0
381 0
382 0
383 0
384 0
385 0
386 0
387 0
388 0
389 0
390 0
391 0
392 0
393 0
394 0
395 0
396 0
397 0
398 0
399 0
400 0
401 0
402 0
403 0
404 0
405 0
406 0
407 0
408 0
409 0
410 0
411 0
412 0
413 0
414 0
415 0
416 0
417 0
418 0
419 0
420 0
421 0
422 0
423 0
424 0
425 0
426 0
427 0
428 0
429 0
430 0
431 0
432 0
433 0
434 0
435 0
436 0
437 0
438 0
439 0
440 0
441 0
442 0
443 0
444 0
445 0
446 0
447 0
448 0
449 0
450 0
451 0
452 0
453 0
454 0
455 0
456 0
457 0
458 0
459 0
460 0
461 0
462 0
463 0
464 0
465 0
466 0
467 0
468 0
469 0
470 0
471 0
472 0
473 0
474 0
475 0
476 0
477 0
478 0
479 0
480 0
481 0
482 0
483 0
484 0
485 0
486 0
487 0
488 0
489 0
490 0
491 0
492 0
493 0
494 0
495 0
496 0
497 0
498 0
499 0
500 0
501 0
502 0
503 0
504 0
505 0
506 0
507 0
508 0
509 0
510 0
511 0
512 0
