1 0
2 608
3 1687
4 2254
5 2649
6 3023
7 3403
8 3675
9 3746
10 3969
11 4115
12 4312
13 4295
14 4267
15 4353
16 4499
17 4480
18 4650
19 4556
20 4625
21 4638
22 4610
23 4582
24 4633
25 4573
26 4668
27 4622
28 4612
29 4466
30 4652
31 4391
32 4454
33 4431
34 4431
35 4484
36 4428
37 4377
38 4294
39 4355
40 4160
41 4291
42 4223
43 4219
44 4353
45 4256
46 4163
47 4153
48 4118
49 4100
50 4073
51 3855
52 3788
53 3974
54 3996
55 3858
56 3908
57 3699
58 3801
59 3841
60 3776
61 3702
62 3737
63 3535
64 3593
65 3593
66 3510
67 3549
68 3527
69 3654
70 3554
71 3470
72 3410
73 3426
74 3316
75 3223
76 3351
77 3276
78 3171
79 3133
80 3053
81 3077
82 3200
83 2977
84 3101
85 3022
86 3002
87 3151
88 2931
89 3013
90 3067
91 2968
92 3058
93 3044
94 2949
95 2901
96 2903
97 2760
98 2866
99 2798
100 2711
101 2645
102 2733
103 2575
104 2722
105 2646
106 2629
107 2592
108 2544
109 2562
110 2698
111 2582
112 2585
113 2448
114 2570
115 2489
116 2529
117 2439
118 2487
119 2516
120 2439
121 2411
122 2478
123 2444
124 2401
125 2349
126 2297
127 2420
128 2351
129 2254
130 2262
131 2394
132 2263
133 2344
134 2345
135 2317
136 2341
137 2315
138 2250
139 2228
140 2213
141 2297
142 2211
143 2193
144 2267
145 2317
146 2185
147 2189
148 2272
149 2205
150 2206
151 2157
152 2251
153 2230
154 2204
155 2260
156 2223
157 2273
158 2182
159 2304
160 2283
161 2298
162 2318
163 2335
164 2251
165 2257
166 2286
167 2341
168 2423
169 2421
170 2361
171 2355
172 2346
173 2437
174 2427
175 2343
176 2431
177 2551
178 2404
179 2568
180 2483
181 2561
182 2516
183 2524
184 2507
185 2645
186 2654
187 2748
188 2696
189 2775
190 2698
191 2742
192 2828
193 2865
194 2955
195 2916
196 2995
197 3086
198 3141
199 3062
200 3110
201 3238
202 3317
203 3356
204 3372
205 3443
206 3547
207 3645
208 3896
209 3753
210 3967
211 4057
212 4049
213 4299
214 4628
215 4643
216 4747
217 5160
218 5303
219 5722
220 5788
221 6076
222 6466
223 6580
224 6766
225 7527
226 7907
227 8386
228 9113
229 9409
230 9898
231 10680
232 11289
233 11976
234 12887
235 13309
236 14261
237 15038
238 15339
239 16153
240 16779
241 17203
242 17686
243 18008
244 17904
245 18338
246 18484
247 18330
248 18201
249 17705
250 17202
251 17074
252 16123
253 15490
254 14772
255 13792
256 12935
257 11954
258 10868
259 9999
260 9036
261 8006
262 7214
263 6215
264 5510
265 4695
266 4065
267 3326
268 2886
269 2359
270 1891
271 1593
272 1276
273 1026
274 795
275 603
276 460
277 338
278 285
279 178
280 153
281 104
282 89
283 45
284 40
285 28
286 19
287 13
288 9
289 5
290 4
291 1
292 2
293 1
294 0
295 1
296 1
297 0
298 0
299 0
300 0
301 0
302 0
303 0
304 0
305 0
306 0
307 0
308 0
309 0
310 0
311 0
312 0
313 0
314 0
315 0
316 0
317 0
318 0
319 0
320 0
321 0
322 0
323 0
324 0
325 0
326 0
327 0
328 0
329 0
330 0
331 0
332 0
333 0
334 0
335 0
336 0
337 0
338 0
339 0
340 0
341 0
342 0
343 0
344 0
345 0
346 0
347 0
348 0
349 0
350 0
351 0
352 0
353 0
354 0
355 0
356 0
357 0
358 0
359 0
360 0
361 0
362 0
363 0
364 0
365 0
366 0
367 0
368 0
369 0
370 0
371 0
372 0
373 0
374 0
375 0
376 0
377 0
378 0
379 0
380 0
381 0
382 0
383 0
384 0
385 0
386 0
387 0
388 0
389 0
390 0
391 0
392 0
393 0
394 0
395 0
396 0
397 0
398 0
399 0
400 0
401 0
402 0
403 0
404 0
405 0
406 0
407 0
408 0
409 0
410 0
411 0
412 0
413 0
414 0
415 0
416 0
417 0
418 0
419 0
420 0
421 0
422 0
423 0
424 0
425 0
426 0
427 0
428 0
429 0
430 0
431 0
432 0
433 0
434 0
435 0
436 0
437 0
438 0
439 0
440 0
441 0
442 0
443 0
444 0
445 0
446 0
447 0
448 0
449 0
450 0
451 0
452 0
453 0
454 0
455 0
456 0
457 0
458 0
459 0
460 0
461 0
462 0
463 0
464 0
465 0
466 0
467 0
468 0
469 0
470 0
471 0
472 0
473 0
474 0
475 0
476 0
477 0
478 0
479 0
480 0
481 0
482 0
483 0
484 0
485 0
486 0
487 0
488 0
489 0
490 0
491 0
492 0
493 0
494 0
495 0
496 0
497 0
498 0
499 0
500 0
501 0
502 0
503 0
504 0
505 0
506 0
507 0
508 0
509 0
510 0
511 0
512 0
