1 0
2 604
3 1799
4 2386
5 2818
6 3312
7 3636
8 3945
9 4004
10 4140
11 4182
12 4277
13 4425
14 4518
15 4573
16 4641
17 4634
18 4571
19 4634
20 4519
21 4627
22 4599
23 4626
24 4633
25 4547
26 4595
27 4444
28 4488
29 4381
30 4451
31 4390
32 4288
33 4408
34 4252
35 4149
36 4161
37 4205
38 4095
39 4168
40 4158
41 4201
42 4059
43 4009
44 4067
45 4116
46 4041
47 3907
48 3855
49 3745
50 3827
51 3857
52 3754
53 3670
54 3654
55 3599
56 3688
57 3580
58 3700
59 3541
60 3547
61 3537
62 3399
63 3438
64 3500
65 3456
66 3328
67 3327
68 3305
69 3266
70 3306
71 3241
72 3184
73 3151
74 3189
75 3262
76 3103
77 2996
78 3068
79 3124
80 2983
81 2961
82 2980
83 2963
84 2960
85 2788
86 2826
87 2853
88 2923
89 2788
90 2748
91 2708
92 2658
93 2780
94 2615
95 2633
96 2646
97 2548
98 2603
99 2658
100 2567
101 2615
102 2442
103 2538
104 2506
105 2460
106 2418
107 2530
108 2387
109 2478
110 2440
111 2333
112 2302
113 2426
114 2329
115 2435
116 2355
117 2303
118 2326
119 2280
120 2269
121 2265
122 2321
123 2316
124 2176
125 2335
126 2294
127 2213
128 2194
129 2272
130 2243
131 2248
132 2149
133 2236
134 2166
135 2114
136 2223
137 2154
138 2166
139 2274
140 2131
141 2171
142 2127
143 2154
144 2189
145 2186
146 2156
147 2150
148 2186
149 2184
150 2137
151 2151
152 2106
153 2196
154 2179
155 2093
156 2211
157 2199
158 2141
159 2183
160 2241
161 2209
162 2273
163 2175
164 2251
165 2262
166 2204
167 2251
168 2300
169 2292
170 2220
171 2345
172 2300
173 2413
174 2333
175 2432
176 2405
177 2460
178 2479
179 2521
180 2475
181 2491
182 2560
183 2605
184 2584
185 2660
186 2595
187 2751
188 2787
189 2731
190 2759
191 2794
192 2958
193 2965
194 2984
195 3062
196 3001
197 3072
198 3193
199 3349
200 3318
201 3342
202 3493
203 3609
204 3722
205 3747
206 3868
207 3973
208 4182
209 4225
210 4413
211 4564
212 4788
213 4961
214 5162
215 5319
216 5686
217 5972
218 6107
219 6498
220 6832
221 7215
222 7751
223 7988
224 8254
225 9132
226 9535
227 9887
228 10797
229 11248
230 11724
231 12568
232 12768
233 13297
234 14189
235 14164
236 14916
237 15497
238 15399
239 15923
240 16249
241 16078
242 16255
243 16082
244 15708
245 15508
246 14937
247 14499
248 13976
249 13347
250 12674
251 12038
252 11057
253 10338
254 9382
255 8459
256 7672
257 7041
258 5961
259 5335
260 4662
261 3965
262 3418
263 2910
264 2369
265 2021
266 1719
267 1338
268 1090
269 810
270 633
271 539
272 404
273 274
274 227
275 176
276 128
277 84
278 67
279 53
280 25
281 26
282 12
283 16
284 11
285 5
286 4
287 1
288 0
289 2
290 0
291 0
292 0
293 1
294 0
295 0
296 0
297 0
298 0
299 0
300 0
301 0
302 0
303 0
304 0
305 0
306 0
307 0
308 0
309 0
310 0
311 0
312 0
313 0
314 0
315 0
316 0
317 0
318 0
319 0
320 0
321 0
322 0
323 0
324 0
325 0
326 0
327 0
328 0
329 0
330 0
331 0
332 0
333 0
334 0
335 0
336 0
337 0
338 0
339 0
340 0
341 0
342 0
343 0
344 0
345 0
346 0
347 0
348 0
349 0
350 0
351 0
352 0
353 0
354 0
355 0
356 0
357 0
358 0
359 0
360 0
361 0
362 0
363 0
364 0
365 0
366 0
367 0
368 0
369 0
370 0
371 0
372 0
373 0
374 0
375 0
376 0
377 0
378 0
379 0
380 0
381 0
382 0
383 0
384 0
385 0
386 0
387 0
388 0
389 0
390 0
391 0
392 0
393 0
394 0
395 0
396 0
397 0
398 0
399 0
400 0
401 0
402 0
403 0
404 0
405 0
406 0
407 0
408 0
409 0
410 0
411 0
412 0
413 0
414 0
415 0
416 0
417 0
418 0
419 0
420 0
421 0
422 0
423 0
424 0
425 0
426 0
427 0
428 0
429 0
430 0
431 0
432 0
433 0
434 0
435 0
436 0
437 0
438 0
439 0
440 0
441 0
442 0
443 0
444 0
445 0
446 0
447 0
448 0
449 0
450 0
451 0
452 0
453 0
454 0
455 0
456 0
457 0
458 0
459 0
460 0
461 0
462 0
463 0
464 0
465 0
466 0
467 0
468 0
469 0
470 0
471 0
472 0
473 0
474 0
475 0
476 0
477 0
478 0
479 0
480 0
481 0
482 0
483 0
484 0
485 0
486 0
487 0
488 0
489 0
490 0
491 0
492 0
493 0
494 0
495 0
496 0
497 0
498 0
499 0
500 0
501 0
502 0
503 0
504 0
505 0
506 0
507 0
508 0
509 0
510 0
511 0
512 0
