1 0
2 559
3 1547
4 2029
5 2438
6 2712
7 3219
8 3353
9 3574
10 3745
11 3836
12 4079
13 4119
14 4337
15 4352
16 4395
17 4408
18 4522
19 4446
20 4341
21 4604
22 4365
23 4497
24 4547
25 4488
26 4710
27 4639
28 4616
29 4456
30 4705
31 4533
32 4623
33 4660
34 4567
35 4523
36 4559
37 4433
38 4574
39 4392
40 4378
41 4421
42 4388
43 4403
44 4375
45 4333
46 4277
47 4373
48 4194
49 4142
50 4195
51 4040
52 4133
53 4165
54 4153
55 3928
56 4091
57 4070
58 3951
59 3982
60 3923
61 4026
62 3938
63 3910
64 4003
65 3799
66 3766
67 3750
68 3696
69 3638
70 3765
71 3604
72 3603
73 3704
74 3536
75 3482
76 3507
77 3472
78 3491
79 3467
80 3396
81 3353
82 3350
83 3216
84 3334
85 3281
86 3175
87 3334
88 3116
89 3113
90 3221
91 3059
92 3041
93 2996
94 2990
95 3111
96 3108
97 2955
98 2936
99 2927
100 2917
101 2910
102 2914
103 2853
104 2790
105 2748
106 2703
107 2828
108 2758
109 2750
110 2759
111 2708
112 2653
113 2745
114 2569
115 2568
116 2693
117 2603
118 2649
119 2596
120 2610
121 2579
122 2542
123 2536
124 2565
125 2518
126 2441
127 2481
128 2456
129 2451
130 2528
131 2432
132 2334
133 2497
134 2417
135 2491
136 2460
137 2409
138 2378
139 2348
140 2347
141 2427
142 2407
143 2290
144 2259
145 2438
146 2261
147 2450
148 2349
149 2345
150 2325
151 2439
152 2317
153 2403
154 2306
155 2273
156 2470
157 2301
158 2379
159 2403
160 2362
161 2287
162 2424
163 2359
164 2406
165 2351
166 2304
167 2373
168 2383
169 2310
170 2474
171 2456
172 2409
173 2355
174 2527
175 2421
176 2489
177 2474
178 2458
179 2551
180 2463
181 2534
182 2653
183 2564
184 2655
185 2613
186 2602
187 2649
188 2677
189 2728
190 2688
191 2790
192 2829
193 2791
194 2905
195 2861
196 2929
197 2857
198 3003
199 3026
200 3071
201 2966
202 3210
203 3160
204 3276
205 3407
206 3356
207 3445
208 3516
209 3544
210 3659
211 3699
212 3944
213 4028
214 4128
215 4065
216 4275
217 4463
218 4468
219 4769
220 4992
221 5173
222 5474
223 5630
224 5802
225 6252
226 6656
227 6672
228 7445
229 7686
230 8223
231 8980
232 9254
233 9978
234 10834
235 11301
236 12236
237 13170
238 13585
239 14811
240 15596
241 16297
242 17197
243 18148
244 18587
245 19392
246 19835
247 19993
248 21228
249 20932
250 21037
251 21335
252 20994
253 20639
254 20613
255 19557
256 18855
257 18332
258 17007
259 16103
260 15336
261 14013
262 12894
263 11548
264 10367
265 9487
266 8450
267 7350
268 6460
269 5381
270 4712
271 4015
272 3295
273 2698
274 2302
275 1790
276 1457
277 1146
278 913
279 703
280 595
281 418
282 294
283 228
284 149
285 120
286 78
287 61
288 42
289 27
290 23
291 19
292 11
293 2
294 4
295 1
296 0
297 2
298 1
299 0
300 0
301 0
302 1
303 0
304 0
305 0
306 0
307 0
308 0
309 0
310 0
311 0
312 0
313 0
314 0
315 0
316 0
317 0
318 0
319 0
320 0
321 0
322 0
323 0
324 0
325 0
326 0
327 0
328 0
329 0
330 0
331 0
332 0
333 0
334 0
335 0
336 0
337 0
338 0
339 0
340 0
341 0
342 0
343 0
344 0
345 0
346 0
347 0
348 0
349 0
350 0
351 0
352 0
353 0
354 0
355 0
356 0
357 0
358 0
359 0
360 0
361 0
362 0
363 0
364 0
365 0
366 0
367 0
368 0
369 0
370 0
371 0
372 0
373 0
374 0
375 0
376 0
377 0
378 0
379 0
380 0
381 0
382 0
383 0
384 0
385 0
386 0
387 0
388 0
389 0
390 0
391 0
392 0
393 0
394 0
395 0
396 0
397 0
398 0
399 0
400 0
401 0
402 0
403 0
404 0
405 0
406 0
407 0
408 0
409 0
410 0
411 0
412 0
413 0
414 0
415 0
416 0
417 0
418 0
419 0
420 0
421 0
422 0
423 0
424 0
425 0
426 0
427 0
428 0
429 0
430 0
431 0
432 0
433 0
434 0
435 0
436 0
437 0
438 0
439 0
440 0
441 0
442 0
443 0
444 0
445 0
446 0
447 0
448 0
449 0
450 0
451 0
452 0
453 0
454 0
455 0
456 0
457 0
458 0
459 0
460 0
461 0
462 0
463 0
464 0
465 0
466 0
467 0
468 0
469 0
470 0
471 0
472 0
473 0
474 0
475 0
476 0
477 0
478 0
479 0
480 0
481 0
482 0
483 0
484 0
485 0
486 0
487 0
488 0
489 0
490 0
491 0
492 0
493 0
494 0
495 0
496 0
497 0
498 0
499 0
500 0
501 0
502 0
503 0
504 0
505 0
506 0
507 0
508 0
509 0
510 0
511 0
512 0
