1 0
2 225
3 641
4 878
5 1143
6 1221
7 1383
8 1363
9 1505
10 1504
11 1547
12 1585
13 1540
14 1510
15 1629
16 1552
17 1558
18 1560
19 1512
20 1432
21 1514
22 1512
23 1366
24 1448
25 1439
26 1482
27 1401
28 1396
29 1361
30 1312
31 1293
32 1222
33 1304
34 1276
35 1274
36 1236
37 1147
38 1118
39 1193
40 1111
41 1106
42 1071
43 1052
44 1080
45 1018
46 1001
47 959
48 966
49 914
50 979
51 901
52 925
53 882
54 927
55 865
56 825
57 831
58 878
59 774
60 770
61 753
62 821
63 780
64 808
65 745
66 740
67 743
68 703
69 725
70 762
71 679
72 723
73 685
74 722
75 703
76 719
77 651
78 657
79 718
80 663
81 652
82 707
83 655
84 677
85 631
86 639
87 683
88 616
89 682
90 665
91 661
92 665
93 642
94 610
95 628
96 635
97 614
98 642
99 603
100 640
101 631
102 629
103 648
104 634
105 658
106 665
107 623
108 656
109 687
110 690
111 639
112 689
113 660
114 715
115 705
116 761
117 689
118 704
119 764
120 786
121 810
122 817
123 799
124 884
125 885
126 918
127 963
128 950
129 1097
130 1135
131 1164
132 1207
133 1350
134 1331
135 1468
136 1590
137 1674
138 1676
139 1896
140 2114
141 2247
142 2428
143 2541
144 2697
145 2953
146 3088
147 3232
148 3532
149 3628
150 3873
151 3891
152 3977
153 4242
154 4105
155 4026
156 4180
157 4061
158 3852
159 3805
160 3588
161 3553
162 3214
163 3114
164 2738
165 2587
166 2191
167 2032
168 1736
169 1518
170 1282
171 1036
172 865
173 707
174 527
175 432
176 292
177 271
178 189
179 138
180 104
181 73
182 64
183 47
184 17
185 17
186 7
187 3
188 3
189 2
190 2
191 1
192 1
193 0
194 0
195 0
196 0
197 0
198 0
199 0
200 0
201 0
202 0
203 0
204 0
205 0
206 0
207 0
208 0
209 0
210 0
211 0
212 0
213 0
214 0
215 0
216 0
217 0
218 0
219 0
220 0
221 0
222 0
223 0
224 0
225 0
226 0
227 0
228 0
229 0
230 0
231 0
232 0
233 0
234 0
235 0
236 0
237 0
238 0
239 0
240 0
241 0
242 0
243 0
244 0
245 0
246 0
247 0
248 0
249 0
250 0
251 0
252 0
253 0
254 0
255 0
256 0
257 0
258 0
259 0
260 0
261 0
262 0
263 0
264 0
265 0
266 0
267 0
268 0
269 0
270 0
271 0
272 0
273 0
274 0
275 0
276 0
277 0
278 0
279 0
280 0
281 0
282 0
283 0
284 0
285 0
286 0
287 0
288 0
289 0
290 0
291 0
292 0
293 0
294 0
295 0
296 0
297 0
298 0
299 0
300 0
301 0
302 0
303 0
304 0
305 0
306 0
307 0
308 0
309 0
310 0
311 0
312 0
313 0
314 0
315 0
316 0
317 0
318 0
319 0
320 0
321 0
322 0
323 0
324 0
325 0
326 0
327 0
328 0
329 0
330 0
331 0
332 0
333 0
334 0
335 0
336 0
337 0
338 0
339 0
340 0
341 0
342 0
343 0
344 0
345 0
346 0
347 0
348 0
349 0
350 0
351 0
352 0
353 0
354 0
355 0
356 0
357 0
358 0
359 0
360 0
361 0
362 0
363 0
364 0
365 0
366 0
367 0
368 0
369 0
370 0
371 0
372 0
373 0
374 0
375 0
376 0
377 0
378 0
379 0
380 0
381 0
382 0
383 0
384 0
385 0
386 0
387 0
388 0
389 0
390 0
391 0
392 0
393 0
394 0
395 0
396 0
397 0
398 0
399 0
400 0
401 0
402 0
403 0
404 0
405 0
406 0
407 0
408 0
409 0
410 0
411 0
412 0
413 0
414 0
415 0
416 0
417 0
418 0
419 0
420 0
421 0
422 0
423 0
424 0
425 0
426 0
427 0
428 0
429 0
430 0
431 0
432 0
433 0
434 0
435 0
436 0
437 0
438 0
439 0
440 0
441 0
442 0
443 0
444 0
445 0
446 0
447 0
448 0
449 0
450 0
451 0
452 0
453 0
454 0
455 0
456 0
457 0
458 0
459 0
460 0
461 0
462 0
463 0
464 0
465 0
466 0
467 0
468 0
469 0
470 0
471 0
472 0
473 0
474 0
475 0
476 0
477 0
478 0
479 0
480 0
481 0
482 0
483 0
484 0
485 0
486 0
487 0
488 0
489 0
490 0
491 0
492 0
493 0
494 0
495 0
496 0
497 0
498 0
499 0
500 0
501 0
502 0
503 0
504 0
505 0
506 0
507 0
508 0
509 0
510 0
511 0
512 0
