1 0
2 106
3 308
4 457
5 539
6 647
7 759
8 790
9 856
10 938
11 929
12 1008
13 1023
14 1070
15 1138
16 1099
17 1176
18 1130
19 1177
20 1143
21 1230
22 1186
23 1180
24 1212
25 1209
26 1197
27 1238
28 1200
29 1154
30 1221
31 1141
32 1123
33 1182
34 1190
35 1117
36 1157
37 1112
38 1089
39 1158
40 1042
41 1055
42 1015
43 1110
44 1030
45 1045
46 1030
47 1054
48 986
49 1023
50 987
51 1037
52 1020
53 1031
54 966
55 968
56 955
57 929
58 963
59 939
60 894
61 913
62 960
63 894
64 881
65 868
66 811
67 844
68 833
69 830
70 841
71 838
72 823
73 782
74 802
75 801
76 821
77 758
78 790
79 744
80 774
81 721
82 746
83 733
84 718
85 688
86 741
87 726
88 688
89 650
90 685
91 691
92 656
93 667
94 694
95 635
96 668
97 634
98 632
99 620
100 657
101 628
102 601
103 641
104 603
105 601
106 609
107 588
108 612
109 604
110 665
111 607
112 610
113 574
114 560
115 537
116 590
117 569
118 592
119 592
120 557
121 601
122 553
123 575
124 555
125 575
126 529
127 540
128 585
129 577
130 564
131 536
132 546
133 567
134 543
135 570
136 553
137 568
138 535
139 549
140 523
141 563
142 548
143 583
144 604
145 577
146 551
147 578
148 590
149 535
150 604
151 564
152 570
153 597
154 557
155 621
156 582
157 609
158 616
159 634
160 634
161 652
162 665
163 676
164 633
165 632
166 670
167 681
168 716
169 718
170 753
171 768
172 805
173 782
174 826
175 839
176 894
177 882
178 903
179 942
180 909
181 935
182 1033
183 1114
184 1213
185 1287
186 1353
187 1384
188 1522
189 1556
190 1633
191 1817
192 2022
193 2079
194 2307
195 2452
196 2638
197 2940
198 3079
199 3403
200 3576
201 3749
202 4171
203 4474
204 4557
205 4862
206 4866
207 4994
208 5308
209 5288
210 5186
211 5251
212 5199
213 5024
214 4963
215 4574
216 4505
217 4357
218 3962
219 3696
220 3326
221 3037
222 2745
223 2511
224 2168
225 1822
226 1566
227 1277
228 1183
229 930
230 777
231 639
232 534
233 412
234 313
235 241
236 193
237 139
238 133
239 84
240 51
241 30
242 32
243 16
244 14
245 6
246 2
247 3
248 3
249 0
250 1
251 1
252 0
253 0
254 0
255 0
256 0
257 0
258 0
259 0
260 0
261 0
262 0
263 0
264 0
265 0
266 0
267 0
268 0
269 0
270 0
271 0
272 0
273 0
274 0
275 0
276 0
277 0
278 0
279 0
280 0
281 0
282 0
283 0
284 0
285 0
286 0
287 0
288 0
289 0
290 0
291 0
292 0
293 0
294 0
295 0
296 0
297 0
298 0
299 0
300 0
301 0
302 0
303 0
304 0
305 0
306 0
307 0
308 0
309 0
310 0
311 0
312 0
313 0
314 0
315 0
316 0
317 0
318 0
319 0
320 0
321 0
322 0
323 0
324 0
325 0
326 0
327 0
328 0
329 0
330 0
331 0
332 0
333 0
334 0
335 0
336 0
337 0
338 0
339 0
340 0
341 0
342 0
343 0
344 0
345 0
346 0
347 0
348 0
349 0
350 0
351 0
352 0
353 0
354 0
355 0
356 0
357 0
358 0
359 0
360 0
361 0
362 0
363 0
364 0
365 0
366 0
367 0
368 0
369 0
370 0
371 0
372 0
373 0
374 0
375 0
376 0
377 0
378 0
379 0
380 0
381 0
382 0
383 0
384 0
385 0
386 0
387 0
388 0
389 0
390 0
391 0
392 0
393 0
394 0
395 0
396 0
397 0
398 0
399 0
400 0
401 0
402 0
403 0
404 0
405 0
406 0
407 0
408 0
409 0
410 0
411 0
412 0
413 0
414 0
415 0
416 0
417 0
418 0
419 0
420 0
421 0
422 0
423 0
424 0
425 0
426 0
427 0
428 0
429 0
430 0
431 0
432 0
433 0
434 0
435 0
436 0
437 0
438 0
439 0
440 0
441 0
442 0
443 0
444 0
445 0
446 0
447 0
448 0
449 0
450 0
451 0
452 0
453 0
454 0
455 0
456 0
457 0
458 0
459 0
460 0
461 0
462 0
463 0
464 0
465 0
466 0
467 0
468 0
469 0
470 0
471 0
472 0
473 0
474 0
475 0
476 0
477 0
478 0
479 0
480 0
481 0
482 0
483 0
484 0
485 0
486 0
487 0
488 0
489 0
490 0
491 0
492 0
493 0
494 0
495 0
496 0
497 0
498 0
499 0
500 0
501 0
502 0
503 0
504 0
505 0
506 0
507 0
508 0
509 0
510 0
511 0
512 0
