1 0
2 69
3 160
4 202
5 266
6 334
7 362
8 402
9 429
10 438
11 451
12 418
13 471
14 465
15 508
16 471
17 537
18 575
19 548
20 567
21 553
22 568
23 539
24 584
25 588
26 590
27 603
28 641
29 651
30 582
31 602
32 630
33 625
34 641
35 609
36 630
37 678
38 629
39 665
40 633
41 673
42 660
43 663
44 655
45 694
46 687
47 677
48 691
49 680
50 755
51 712
52 712
53 681
54 711
55 717
56 694
57 743
58 657
59 710
60 718
61 702
62 666
63 649
64 719
65 630
66 686
67 744
68 706
69 730
70 693
71 672
72 740
73 716
74 715
75 708
76 684
77 681
78 662
79 675
80 665
81 665
82 704
83 682
84 704
85 685
86 651
87 651
88 701
89 638
90 616
91 684
92 701
93 672
94 625
95 639
96 651
97 635
98 628
99 648
100 606
101 664
102 639
103 620
104 651
105 611
106 622
107 639
108 619
109 598
110 622
111 641
112 585
113 579
114 574
115 577
116 576
117 607
118 591
119 547
120 608
121 564
122 561
123 533
124 592
125 611
126 581
127 489
128 589
129 542
130 545
131 525
132 514
133 570
134 543
135 525
136 512
137 545
138 539
139 507
140 529
141 495
142 511
143 538
144 508
145 514
146 512
147 494
148 535
149 481
150 522
151 505
152 508
153 486
154 489
155 471
156 500
157 539
158 502
159 476
160 463
161 468
162 490
163 511
164 483
165 473
166 469
167 455
168 452
169 500
170 479
171 487
172 439
173 459
174 478
175 477
176 458
177 477
178 446
179 435
180 425
181 437
182 463
183 453
184 439
185 464
186 397
187 439
188 434
189 399
190 447
191 409
192 460
193 459
194 427
195 426
196 451
197 433
198 438
199 467
200 501
201 465
202 444
203 442
204 409
205 475
206 432
207 439
208 456
209 456
210 487
211 439
212 446
213 454
214 458
215 485
216 446
217 433
218 440
219 462
220 456
221 459
222 473
223 445
224 453
225 484
226 476
227 441
228 485
229 481
230 424
231 507
232 488
233 521
234 520
235 506
236 484
237 532
238 502
239 551
240 529
241 510
242 487
243 553
244 478
245 519
246 533
247 540
248 543
249 608
250 556
251 544
252 579
253 577
254 637
255 591
256 595
257 606
258 621
259 577
260 653
261 590
262 619
263 600
264 643
265 676
266 691
267 718
268 729
269 672
270 710
271 750
272 728
273 778
274 796
275 820
276 852
277 841
278 885
279 940
280 978
281 992
282 1089
283 1095
284 1154
285 1141
286 1305
287 1328
288 1469
289 1607
290 1616
291 1787
292 1855
293 2060
294 2284
295 2434
296 2527
297 2884
298 3016
299 3216
300 3557
301 3870
302 4024
303 4417
304 4674
305 4810
306 4993
307 5224
308 5426
309 5691
310 5633
311 6028
312 5879
313 5915
314 5936
315 5909
316 5583
317 5597
318 5478
319 5347
320 4939
321 4865
322 4475
323 4186
324 3812
325 3585
326 3317
327 2846
328 2620
329 2266
330 1999
331 1801
332 1532
333 1313
334 1133
335 953
336 839
337 643
338 546
339 426
340 351
341 282
342 230
343 157
344 140
345 92
346 57
347 46
348 34
349 29
350 26
351 17
352 6
353 6
354 5
355 7
356 5
357 3
358 1
359 0
360 0
361 0
362 0
363 1
364 1
365 0
366 1
367 0
368 0
369 0
370 0
371 0
372 0
373 0
374 0
375 0
376 0
377 0
378 0
379 0
380 0
381 0
382 0
383 0
384 0
385 0
386 0
387 0
388 0
389 0
390 0
391 0
392 0
393 0
394 0
395 0
396 0
397 0
398 0
399 0
400 0
401 0
402 0
403 0
404 0
405 0
406 0
407 0
408 0
409 0
410 0
411 0
412 0
413 0
414 0
415 0
416 0
417 0
418 0
419 0
420 0
421 0
422 0
423 0
424 0
425 0
426 0
427 0
428 0
429 0
430 0
431 0
432 0
433 0
434 0
435 0
436 0
437 0
438 0
439 0
440 0
441 0
442 0
443 0
444 0
445 0
446 0
447 0
448 0
449 0
450 0
451 0
452 0
453 0
454 0
455 0
456 0
457 0
458 0
459 0
460 0
461 0
462 0
463 0
464 0
465 0
466 0
467 0
468 0
469 0
470 0
471 0
472 0
473 0
474 0
475 0
476 0
477 0
478 0
479 0
480 0
481 0
482 0
483 0
484 0
485 0
486 0
487 0
488 0
489 0
490 0
491 0
492 0
493 0
494 0
495 0
496 0
497 0
498 0
499 0
500 0
501 0
502 0
503 0
504 0
505 0
506 0
507 0
508 0
509 0
510 0
511 0
512 0
