1 0
2 66
3 171
4 236
5 249
6 280
7 361
8 366
9 372
10 382
11 397
12 374
13 416
14 398
15 441
16 408
17 436
18 432
19 413
20 432
21 409
22 415
23 427
24 458
25 399
26 432
27 452
28 435
29 421
30 430
31 447
32 436
33 471
34 469
35 465
36 429
37 463
38 477
39 467
40 473
41 481
42 505
43 494
44 454
45 484
46 484
47 516
48 518
49 502
50 529
51 505
52 503
53 510
54 517
55 540
56 535
57 528
58 527
59 497
60 527
61 557
62 573
63 541
64 506
65 570
66 544
67 562
68 526
69 569
70 542
71 569
72 571
73 563
74 606
75 578
76 573
77 584
78 549
79 560
80 544
81 561
82 586
83 569
84 605
85 537
86 579
87 607
88 553
89 595
90 605
91 606
92 563
93 608
94 548
95 599
96 592
97 568
98 564
99 599
100 593
101 546
102 554
103 574
104 563
105 556
106 587
107 572
108 567
109 551
110 581
111 510
112 517
113 585
114 568
115 541
116 557
117 569
118 514
119 538
120 531
121 514
122 556
123 508
124 526
125 522
126 510
127 521
128 507
129 562
130 502
131 516
132 528
133 526
134 490
135 455
136 528
137 506
138 494
139 510
140 494
141 560
142 481
143 490
144 484
145 465
146 512
147 501
148 496
149 492
150 505
151 478
152 468
153 471
154 469
155 464
156 449
157 496
158 466
159 491
160 456
161 422
162 459
163 472
164 452
165 424
166 459
167 421
168 422
169 439
170 446
171 440
172 435
173 463
174 491
175 413
176 431
177 458
178 432
179 433
180 441
181 455
182 477
183 454
184 457
185 426
186 398
187 442
188 448
189 396
190 409
191 443
192 425
193 456
194 398
195 403
196 428
197 432
198 430
199 414
200 381
201 418
202 422
203 376
204 406
205 405
206 388
207 387
208 410
209 402
210 379
211 406
212 394
213 431
214 367
215 431
216 371
217 422
218 391
219 397
220 427
221 391
222 421
223 374
224 365
225 399
226 386
227 405
228 394
229 376
230 395
231 422
232 393
233 369
234 394
235 368
236 395
237 410
238 389
239 398
240 392
241 426
242 420
243 393
244 397
245 392
246 405
247 388
248 438
249 400
250 368
251 433
252 398
253 385
254 450
255 461
256 388
257 435
258 452
259 399
260 439
261 424
262 391
263 425
264 448
265 430
266 437
267 416
268 444
269 401
270 390
271 443
272 456
273 430
274 470
275 452
276 482
277 471
278 450
279 481
280 435
281 459
282 465
283 495
284 493
285 488
286 471
287 475
288 445
289 501
290 471
291 483
292 563
293 555
294 475
295 491
296 491
297 524
298 530
299 546
300 552
301 562
302 539
303 558
304 534
305 587
306 618
307 546
308 578
309 546
310 598
311 597
312 619
313 653
314 651
315 716
316 685
317 649
318 659
319 666
320 665
321 669
322 717
323 738
324 744
325 697
326 749
327 807
328 781
329 851
330 850
331 912
332 921
333 963
334 1005
335 1001
336 1085
337 1176
338 1221
339 1273
340 1355
341 1397
342 1576
343 1637
344 1852
345 1879
346 2139
347 2126
348 2384
349 2587
350 2690
351 2934
352 3347
353 3479
354 3697
355 3951
356 4046
357 4451
358 4757
359 5024
360 5244
361 5469
362 5499
363 5741
364 5898
365 5975
366 5879
367 6055
368 6110
369 5997
370 5916
371 5801
372 5701
373 5286
374 5265
375 5042
376 4565
377 4512
378 4227
379 3789
380 3524
381 3216
382 2752
383 2683
384 2372
385 2046
386 1838
387 1575
388 1382
389 1179
390 967
391 799
392 669
393 598
394 448
395 410
396 316
397 239
398 218
399 182
400 128
401 91
402 82
403 60
404 45
405 41
406 27
407 20
408 12
409 10
410 3
411 4
412 1
413 1
414 0
415 1
416 0
417 0
418 0
419 0
420 0
421 0
422 0
423 0
424 0
425 0
426 0
427 0
428 0
429 0
430 0
431 0
432 0
433 0
434 0
435 0
436 0
437 0
438 0
439 0
440 0
441 0
442 0
443 0
444 0
445 0
446 0
447 0
448 0
449 0
450 0
451 0
452 0
453 0
454 0
455 0
456 0
457 0
458 0
459 0
460 0
461 0
462 0
463 0
464 0
465 0
466 0
467 0
468 0
469 0
470 0
471 0
472 0
473 0
474 0
475 0
476 0
477 0
478 0
479 0
480 0
481 0
482 0
483 0
484 0
485 0
486 0
487 0
488 0
489 0
490 0
491 0
492 0
493 0
494 0
495 0
496 0
497 0
498 0
499 0
500 0
501 0
502 0
503 0
504 0
505 0
506 0
507 0
508 0
509 0
510 0
511 0
512 0
