1 0
2 85
3 212
4 301
5 377
6 423
7 491
8 552
9 545
10 586
11 620
12 640
13 717
14 665
15 741
16 768
17 744
18 746
19 792
20 775
21 844
22 842
23 811
24 855
25 832
26 845
27 856
28 845
29 922
30 898
31 864
32 903
33 928
34 866
35 966
36 905
37 962
38 904
39 923
40 918
41 961
42 936
43 861
44 876
45 953
46 898
47 918
48 914
49 874
50 886
51 881
52 950
53 896
54 915
55 921
56 892
57 884
58 881
59 856
60 853
61 796
62 872
63 865
64 829
65 869
66 861
67 870
68 817
69 840
70 854
71 779
72 824
73 806
74 745
75 810
76 824
77 777
78 777
79 781
80 728
81 747
82 786
83 716
84 747
85 719
86 714
87 740
88 766
89 700
90 701
91 732
92 671
93 733
94 656
95 755
96 710
97 638
98 612
99 710
100 703
101 633
102 666
103 623
104 604
105 697
106 653
107 645
108 599
109 622
110 618
111 607
112 593
113 596
114 595
115 568
116 606
117 594
118 570
119 577
120 586
121 588
122 625
123 556
124 526
125 519
126 571
127 492
128 552
129 559
130 522
131 504
132 544
133 508
134 500
135 528
136 552
137 522
138 530
139 495
140 516
141 484
142 539
143 530
144 510
145 556
146 469
147 515
148 480
149 482
150 478
151 532
152 535
153 494
154 506
155 496
156 504
157 503
158 452
159 531
160 491
161 509
162 511
163 519
164 487
165 447
166 462
167 496
168 472
169 495
170 486
171 511
172 477
173 516
174 459
175 507
176 486
177 509
178 516
179 498
180 487
181 547
182 513
183 500
184 518
185 486
186 540
187 524
188 568
189 482
190 491
191 543
192 538
193 546
194 556
195 564
196 540
197 540
198 551
199 627
200 549
201 609
202 588
203 618
204 573
205 659
206 630
207 606
208 683
209 647
210 639
211 703
212 667
213 675
214 691
215 724
216 711
217 687
218 733
219 784
220 842
221 792
222 841
223 823
224 848
225 882
226 931
227 961
228 993
229 1053
230 1092
231 1143
232 1209
233 1212
234 1336
235 1470
236 1455
237 1700
238 1730
239 1932
240 2051
241 2112
242 2445
243 2580
244 2880
245 3084
246 3218
247 3364
248 3771
249 4047
250 4263
251 4511
252 4694
253 4898
254 5134
255 5336
256 5242
257 5669
258 5607
259 5696
260 5738
261 5499
262 5605
263 5289
264 5251
265 4963
266 4735
267 4447
268 4219
269 3853
270 3570
271 3245
272 2905
273 2598
274 2288
275 2046
276 1773
277 1515
278 1323
279 1069
280 901
281 800
282 589
283 485
284 411
285 310
286 199
287 158
288 149
289 110
290 75
291 71
292 41
293 33
294 23
295 16
296 9
297 13
298 7
299 0
300 1
301 0
302 2
303 0
304 0
305 0
306 0
307 1
308 0
309 0
310 0
311 0
312 0
313 0
314 0
315 0
316 0
317 0
318 0
319 0
320 0
321 0
322 0
323 0
324 0
325 0
326 0
327 0
328 0
329 0
330 0
331 0
332 0
333 0
334 0
335 0
336 0
337 0
338 0
339 0
340 0
341 0
342 0
343 0
344 0
345 0
346 0
347 0
348 0
349 0
350 0
351 0
352 0
353 0
354 0
355 0
356 0
357 0
358 0
359 0
360 0
361 0
362 0
363 0
364 0
365 0
366 0
367 0
368 0
369 0
370 0
371 0
372 0
373 0
374 0
375 0
376 0
377 0
378 0
379 0
380 0
381 0
382 0
383 0
384 0
385 0
386 0
387 0
388 0
389 0
390 0
391 0
392 0
393 0
394 0
395 0
396 0
397 0
398 0
399 0
400 0
401 0
402 0
403 0
404 0
405 0
406 0
407 0
408 0
409 0
410 0
411 0
412 0
413 0
414 0
415 0
416 0
417 0
418 0
419 0
420 0
421 0
422 0
423 0
424 0
425 0
426 0
427 0
428 0
429 0
430 0
431 0
432 0
433 0
434 0
435 0
436 0
437 0
438 0
439 0
440 0
441 0
442 0
443 0
444 0
445 0
446 0
447 0
448 0
449 0
450 0
451 0
452 0
453 0
454 0
455 0
456 0
457 0
458 0
459 0
460 0
461 0
462 0
463 0
464 0
465 0
466 0
467 0
468 0
469 0
470 0
471 0
472 0
473 0
474 0
475 0
476 0
477 0
478 0
479 0
480 0
481 0
482 0
483 0
484 0
485 0
486 0
487 0
488 0
489 0
490 0
491 0
492 0
493 0
494 0
495 0
496 0
497 0
498 0
499 0
500 0
501 0
502 0
503 0
504 0
505 0
506 0
507 0
508 0
509 0
510 0
511 0
512 0
