1 0
2 63
3 161
4 231
5 272
6 316
7 398
8 356
9 352
10 381
11 411
12 396
13 444
14 387
15 415
16 401
17 394
18 404
19 405
20 378
21 393
22 385
23 373
24 411
25 366
26 371
27 389
28 395
29 366
30 379
31 352
32 354
33 357
34 369
35 378
36 356
37 397
38 350
39 368
40 390
41 365
42 373
43 322
44 373
45 417
46 397
47 387
48 360
49 386
50 393
51 398
52 421
53 425
54 436
55 425
56 426
57 403
58 422
59 406
60 404
61 461
62 425
63 426
64 407
65 446
66 389
67 453
68 474
69 457
70 439
71 443
72 412
73 433
74 491
75 428
76 480
77 433
78 501
79 465
80 442
81 460
82 475
83 470
84 474
85 473
86 483
87 517
88 472
89 446
90 524
91 501
92 477
93 522
94 471
95 487
96 474
97 488
98 484
99 512
100 516
101 506
102 496
103 519
104 496
105 522
106 530
107 479
108 496
109 470
110 508
111 509
112 462
113 497
114 527
115 507
116 541
117 463
118 502
119 494
120 547
121 506
122 487
123 478
124 507
125 531
126 459
127 512
128 522
129 526
130 523
131 509
132 474
133 532
134 457
135 483
136 511
137 472
138 474
139 512
140 468
141 536
142 476
143 495
144 445
145 492
146 482
147 455
148 487
149 472
150 462
151 489
152 487
153 462
154 456
155 487
156 455
157 464
158 446
159 464
160 457
161 485
162 443
163 430
164 442
165 424
166 453
167 462
168 439
169 427
170 433
171 453
172 451
173 440
174 427
175 419
176 462
177 434
178 463
179 406
180 452
181 424
182 403
183 411
184 395
185 399
186 419
187 436
188 429
189 422
190 410
191 405
192 403
193 414
194 407
195 413
196 421
197 407
198 425
199 398
200 399
201 403
202 401
203 357
204 415
205 400
206 442
207 390
208 413
209 436
210 417
211 407
212 349
213 399
214 391
215 358
216 390
217 395
218 407
219 396
220 391
221 364
222 351
223 376
224 346
225 406
226 381
227 399
228 396
229 374
230 398
231 352
232 360
233 396
234 364
235 365
236 362
237 408
238 353
239 377
240 393
241 372
242 361
243 346
244 379
245 367
246 377
247 373
248 384
249 366
250 356
251 358
252 384
253 383
254 380
255 321
256 323
257 381
258 354
259 365
260 391
261 327
262 365
263 366
264 363
265 370
266 392
267 347
268 374
269 386
270 387
271 385
272 379
273 387
274 375
275 375
276 369
277 395
278 372
279 392
280 404
281 383
282 379
283 378
284 387
285 381
286 407
287 349
288 365
289 406
290 405
291 375
292 368
293 398
294 358
295 386
296 370
297 446
298 446
299 390
300 362
301 374
302 388
303 434
304 408
305 430
306 417
307 393
308 430
309 440
310 379
311 413
312 430
313 400
314 452
315 448
316 416
317 385
318 432
319 429
320 427
321 410
322 454
323 481
324 447
325 472
326 455
327 441
328 502
329 487
330 459
331 455
332 465
333 482
334 442
335 493
336 479
337 495
338 471
339 493
340 480
341 536
342 567
343 535
344 532
345 550
346 542
347 572
348 543
349 548
350 603
351 576
352 568
353 566
354 580
355 579
356 635
357 624
358 605
359 675
360 701
361 647
362 674
363 654
364 653
365 675
366 669
367 718
368 698
369 724
370 729
371 739
372 774
373 791
374 794
375 807
376 799
377 851
378 913
379 862
380 837
381 964
382 971
383 1053
384 1101
385 1075
386 1091
387 1161
388 1314
389 1357
390 1375
391 1542
392 1700
393 1786
394 1768
395 2049
396 2060
397 2274
398 2471
399 2622
400 2934
401 3140
402 3299
403 3476
404 3785
405 3944
406 4294
407 4514
408 4791
409 4975
410 5120
411 5447
412 5667
413 5684
414 5802
415 5989
416 6027
417 5980
418 6127
419 5830
420 5779
421 5770
422 5574
423 5358
424 5243
425 4889
426 4619
427 4335
428 4192
429 3880
430 3707
431 3255
432 3130
433 2710
434 2460
435 2267
436 1959
437 1741
438 1540
439 1272
440 1080
441 937
442 830
443 721
444 556
445 443
446 376
447 334
448 262
449 195
450 203
451 136
452 119
453 83
454 59
455 33
456 37
457 30
458 16
459 22
460 11
461 9
462 6
463 2
464 5
465 3
466 2
467 1
468 1
469 1
470 0
471 0
472 1
473 0
474 0
475 0
476 0
477 0
478 0
479 0
480 0
481 0
482 0
483 0
484 0
485 0
486 0
487 0
488 0
489 0
490 0
491 0
492 0
493 0
494 0
495 0
496 0
497 0
498 0
499 0
500 0
501 0
502 0
503 0
504 0
505 0
506 0
507 0
508 0
509 0
510 0
511 0
512 0
