-999.575      1.18010509029743E-02       -0.161321912187223
-899.9        0.011797710609158          -0.161276249933061
-800.75       1.17266837513154E-02       -0.160305303479391
-699.1        1.16742332082745E-02       -0.159588297683197
-599.9        1.16697364556732E-02       -0.159526826485908
-500          1.16383192770609E-02       -0.159097349537546
-399.875      1.16418017184962E-02       -0.159144954968287
-300          1.17452502208107E-02       -0.160559109550238
-200.025      1.16036091092199E-02       -0.158622856994935
-99.1         1.16088903169172E-02       -0.158695051796176
0.3           0.011458093539646          -0.156633640091315
100.3         9.80691331250017E-03       -0.134061790024829
199.275       -7.30530951973233E-03      9.98645383815535E-02
299.75        -2.17168437569227E-02      0.296872099810614
399.55        -2.84507426042095E-02      0.388925379425386
499.3         -2.91869007802747E-02      0.398988758154238
598.875       -0.029336194390404         0.401029621367303
698.8         -2.93824874063784E-02      0.401662452961651
800.6         -2.94374335791241E-02      0.402413574342922
899.6         -2.94788470578457E-02      0.402979702023637
999.375       -2.96393744703044E-02      0.40517413278656
999.5         -2.96476496284099E-02      0.405287255282194
899.8         -2.96361162575266E-02      0.40512959259095
800.4         -2.96794321855813E-02      0.405721727003334
699.85        -2.97407898969687E-02      0.40656049495797
600.05        -2.96709805406292E-02      0.405606191909383
499.775       -2.95905306389158E-02      0.404506431211256
400.05        -2.94844302342967E-02      0.40305602477731
299.9         -2.94268607550167E-02      0.402269042451972
200.25        -2.92621099151733E-02      0.400016876883286
98.925        -2.90532838272357E-02      0.397162196897778
0.825         -2.87828677672491E-02      0.393465573923957
-100.875      -2.73606901147781E-02      0.37402421906049
-199.4        -1.03288280831534E-02      0.141196433328446
-299.8        3.54100543308267E-03       -4.84060082637444E-02
-399.375      1.00320329593141E-02       -0.137139205095192
-499.1        1.03743353613936E-02       -0.141818523785008
-598.975      0.01038640223448           -0.141983479521274
-700.2        1.03211080515388E-02       -0.141090899484684
-800.275      0.01026730239697           -0.140355369136336
-899.8        1.02588773121218E-02       -0.140240197122485
-999.3        1.01338684015849E-02       -0.13853130893498


-999.5        -1.56949045248466E-02      0.21455140142697
-899.875      -1.56325123671154E-02      0.213698492455266
-800.55       -1.54826558803199E-02      0.211649934644418
-699.05       -1.54141828528118E-02      0.210713899386061
-600.075      -1.54039164810954E-02      0.210573556739449
-499.875      -1.55050254606614E-02      0.21195572973887
-399.9        -1.54509518313065E-02      0.211216536140084
-300.1        -1.51608300863304E-02      0.207250533870333
-199.9        -1.51493515656715E-02      0.207093620988845
-99.025       -1.51595585846782E-02      0.207233152276138
0.325         -0.015421662001482         0.210816140328408
100.2         -1.68910700691504E-02      0.230903141156432
199.35        -3.41812125153359E-02      0.46726165399914
299.775       -4.85238473929033E-02      0.66332735215397
399.45        -5.52670788599496E-02      0.755508209903747
499.175       -5.58570554636642E-02      0.763573267383754
599.025       -0.055826890562166         0.763160909227634
698.8         -5.59407664646129E-02      0.764717607735742
800.55        -5.59615670074224E-02      0.765001953881536
899.95        -0.055950124963851         0.764845539646613
999.45        -5.59129843464609E-02      0.764337822540192
999.45        -5.59239386552922E-02      0.764487569377308
899.8         -0.055898823752347         0.764144245363131
800.7         -5.60610355072038E-02      0.766361701307342
699.775       -5.60594522802387E-02      0.766340058387272
599.7         -5.60374845822001E-02      0.76603975707656
500.125       -5.59784175387212E-02      0.765232302852389
400.075       -5.59582027144764E-02      0.764955963556126
299.975       -5.58281659549744E-02      0.763178344014446
200.1         -5.56220466819007E-02      0.760360666542813
100.2         -5.55166353489597E-02      0.758919679808999
0.75          -5.52374626107902E-02      0.755103351896992
-100.65       -5.37578877194298E-02      0.734877369256894
-199.55       -3.67699083394082E-02      0.5026494651224
-299.85       -2.27254998500117E-02      0.310660560771782
-399.325      -1.62313654906742E-02      0.221884893124672
-499.4        -1.57917515813399E-02      0.215875313379529
-599.875      -1.58549185876652E-02      0.216738814633047
-698.825      -1.58887708568811E-02      0.217201579589039
-800.525      -1.59167490358429E-02      0.217584044961552
-899.9        -1.57108833326689E-02      0.214769833823675
-999.4        -1.58516785329236E-02      0.21669452266017


-999.675      -4.97992115174543E-02      0.680761746853148
-900.025      -4.99673034091957E-02      0.683059585039072
-800.6        -5.01134429002134E-02      0.685057331030584
-699.25       -5.00931347942496E-02      0.684779716560999
-599.925      -5.01234056812096E-02      0.685193523552269
-499.975      -5.02131256363353E-02      0.686420007095238
-399.75       -5.02805269910556E-02      0.68734139244616
-300.1        -5.02369330530516E-02      0.68674545760134
-200.025      -5.01007480497145E-02      0.684883790760802
-99.175       -0.050166839554807         0.685787270295677
0.2           -5.04075431992645E-02      0.689077720655868
99.9          -5.18949333543142E-02      0.709410538974666
199.05        -6.92294874546708E-02      0.946376164949348
299.575       -8.34382306355419E-02      1.14061154606592
399.375       -9.01620994049301E-02      1.23252771320153
499.1         -9.06575601343664E-02      1.23930072629533
599.85        -9.06070939869132E-02      1.23861084744684
699.9         -9.08215335743976E-02      1.24154226470671
800.625       -9.05951136257422E-02      1.23844707433979
899.7         -9.05294628063577E-02      1.23754961903629
1000.1        -0.090425777728989         1.23613223044235
999.45        -9.04649190754594E-02      1.23666729777746
899.85        -0.09060980562842          1.23864791594155
800.7         -9.08001942974193E-02      1.24125055399424
698.85        -9.08534828254856E-02      1.24197901515554
599.95        -9.07662477534216E-02      1.24078650028963
500           -9.08481316781216E-02      1.24190586426989
400.225       -9.07012171214623E-02      1.23989752302949
300.4         -9.04686898210775E-02      1.23671884436416
200.275       -9.04981130507101E-02      1.23712106376869
99.15         -9.02602106863339E-02      1.23386890727428
0.7           -9.01165423549145E-02      1.23190494235828
-100.75       -8.85620121121029E-02      1.21065431024212
-199.75       -7.13281969550364E-02      0.975065798822476
-299.85       -5.76687487392649E-02      0.788339351855347
-399.475      -5.11345586134116E-02      0.699016116631283
-499.1        -5.08365435669178E-02      0.694942211895492
-600          -0.050790726187585         0.69431588231636
-700.1        -5.07493752823381E-02      0.693750610023244
-800.6        -5.05960418484765E-02      0.691654521890403
-900          -5.06281460865591E-02      0.69209339103175
-999.5        -5.04529863031402E-02      0.689698933840458


-999.5        -8.46843047547427E-02      1.15764554255396
-899.8        -8.48840023996132E-02      1.1603754355266
-801.1        -8.49487678113577E-02      1.16126078719165
-699.1        -8.49557414308374E-02      1.16135611748372
-599.9        -8.52139667530658E-02      1.16488609147498
-499.85       -8.49794167764047E-02      1.16167976255991
-399.75       -8.51280917882633E-02      1.16371216945356
-300.1        -8.50960482712614E-02      1.16327413037734
-199.95       -8.49960693134056E-02      1.16190740492277
-98.9         -8.49613219594041E-02      1.16143240404047
0.45          -8.52768542838745E-02      1.16574577226157
100           -8.66760540715665E-02      1.18487301670261
198.75        -0.104257511865548         1.42521384852203
299.625       -0.118417579556727         1.61878382931634
399.2         -0.125167841900612         1.71106080007379
499.175       -0.125439486199865         1.71477421323932
599.9         -0.125620286549029         1.71724577770347
698.925       -0.125363688346192         1.71373804664748
801.2         -0.125424378279925         1.71456768599409
899.625       -0.125283587157624         1.71264305290376
999.325       -0.125300135353395         1.71286926890832
999.475       -0.125318641101839         1.71312224491445
899.75        -0.125451499195713         1.71493843246668
800.775       -0.125564441636183         1.71648237042725
698.725       -0.125573086884243         1.71660055210105
600.025       -0.125686241304626         1.71814738785482
499.825       -0.125667341117964         1.71788901982657
399.9         -0.125527736997408         1.71598061320564
299.95        -0.125501763936235         1.71562555805604
200.1         -0.125503219975639         1.71564546230547
98.85         -0.125007044490038         1.70886267840126
0.55          -0.12489981377497          1.70739682047536
-100.65       -0.123282489039433         1.6852877794154
-199.2        -0.106311342433374         1.45328998150665
-299.65       -9.22760993909778E-02      1.26142637001751
-399.15       -8.58715518163755E-02      1.17387536545669
-499.2        -8.54782519741871E-02      1.16849890507816
-600.15       -8.55971735870157E-02      1.17012457910835
-699.05       -8.58227802302218E-02      1.17320865148321
-800.95       -8.57502150157337E-02      1.17221667549262
-899.775      -8.56366975370687E-02      1.17066487668457
-999.45       -8.53201937010255E-02      1.16633822777297


-999.525      -0.124935523391564         1.70788497561339
-899.9        -0.125223679643983         1.71182410934234
-800.65       -0.125511357563233         1.71575670419419
-699.075      -0.125587099549913         1.71679210707691
-599.825      -0.125827008303121         1.72007169116956
-499.875      -0.12591437055811          1.72126594464271
-400.025      -0.125977757177997         1.7221324480424
-300          -0.125976601997733         1.72211665657683
-200          -0.125880348481537         1.7208008583979
-99.075       -0.125866496201175         1.72061149591023
0.075         -0.125847977348572         1.72035834076854
99.9          -0.127431883802404         1.74201054953865
198.75        -0.145041556680772         1.98273708525877
299.6         -0.159379272215873         2.17873553535748
399.5         -0.165557642825016         2.26319467116352
499.1         -0.165775757692934         2.26617632998851
599.9         -0.165942747915352         2.26845910821042
699.925       -0.166125916814017         2.2709630510566
800.2         -0.165923087407375         2.26819034649018
899.55        -0.165545462457919         2.26302816394926
999.4         -0.165173958741583         2.25794965946717
999.575       -0.165777521567739         2.26620044238822
899.7         -0.165892981369598         2.26777879300884
800.725       -0.166031282288809         2.26966938469663
699.95        -0.166466477439093         2.27561855942654
599.7         -0.166554711189768         2.27682472635993
499.7         -0.166618191922356         2.27769251629256
399.85        -0.166388318975157         2.2745501229831
300           -0.166078716600216         2.27031781794908
200.05        -0.166104279913147         2.27066727178653
98.85         -0.165867581337706         2.2674315712446
0.7           -0.165888787626712         2.26772146399406
-100.7        -0.164483780420431         2.24851483137993
-199.75       -0.147867449129449         2.02136740532129
-299.95       -0.133669348370838         1.82727750751154
-399.475      -0.12728806240208          1.74004449215067
-499.325      -0.12703465215825          1.73658034091206
-598.8        -0.126776362630651         1.73304948922496
-700.125      -0.126643421760602         1.73123217011156
-800.4        -0.126738218505187         1.73252805403168
-899.725      -0.126655135141678         1.73139229356573
-999.5        -0.126674231652026         1.7316533453645