 1 4
 2 4
 3 654
 4 1741
 5 1773
 6 1849
 7 1932
 8 1830
 9 1857
 10 1823
 11 1689
 12 1631
 13 1658
 14 1574
 15 1520
 16 1491
 17 1471
 18 1426
 19 1461
 20 1362
 21 1367
 22 1393
 23 1400
 24 1341
 25 1373
 26 1279
 27 1313
 28 1325
 29 1297
 30 1288
 31 1340
 32 1284
 33 1311
 34 1296
 35 1223
 36 1234
 37 1219
 38 1200
 39 1231
 40 1144
 41 1162
 42 1169
 43 1177
 44 1149
 45 1097
 46 1048
 47 1064
 48 1040
 49 1023
 50 1049
 51 1003
 52 967
 53 1026
 54 933
 55 936
 56 987
 57 966
 58 927
 59 955
 60 934
 61 931
 62 857
 63 922
 64 877
 65 872
 66 913
 67 869
 68 889
 69 859
 70 917
 71 851
 72 888
 73 812
 74 754
 75 791
 76 809
 77 831
 78 768
 79 724
 80 760
 81 759
 82 786
 83 718
 84 756
 85 749
 86 769
 87 696
 88 756
 89 745
 90 739
 91 659
 92 719
 93 709
 94 690
 95 694
 96 665
 97 676
 98 716
 99 686
 100 669
 101 650
 102 654
 103 654
 104 675
 105 617
 106 669
 107 651
 108 649
 109 631
 110 607
 111 601
 112 640
 113 627
 114 586
 115 604
 116 609
 117 598
 118 580
 119 586
 120 622
 121 556
 122 547
 123 577
 124 544
 125 574
 126 534
 127 577
 128 565
 129 580
 130 552
 131 539
 132 518
 133 563
 134 576
 135 517
 136 565
 137 535
 138 533
 139 547
 140 497
 141 538
 142 529
 143 528
 144 547
 145 532
 146 538
 147 502
 148 537
 149 495
 150 528
 151 501
 152 495
 153 511
 154 509
 155 520
 156 536
 157 528
 158 486
 159 524
 160 525
 161 529
 162 565
 163 509
 164 536
 165 507
 166 517
 167 542
 168 494
 169 518
 170 522
 171 514
 172 532
 173 533
 174 526
 175 526
 176 517
 177 536
 178 533
 179 543
 180 571
 181 484
 182 554
 183 565
 184 601
 185 525
 186 573
 187 567
 188 543
 189 549
 190 595
 191 566
 192 591
 193 595
 194 572
 195 605
 196 583
 197 586
 198 623
 199 654
 200 608
 201 633
 202 648
 203 688
 204 618
 205 673
 206 658
 207 691
 208 674
 209 678
 210 655
 211 728
 212 652
 213 782
 214 730
 215 775
 216 757
 217 776
 218 781
 219 843
 220 838
 221 874
 222 907
 223 835
 224 897
 225 942
 226 988
 227 942
 228 981
 229 1020
 230 1026
 231 1096
 232 1131
 233 1152
 234 1202
 235 1195
 236 1300
 237 1319
 238 1336
 239 1369
 240 1478
 241 1494
 242 1564
 243 1719
 244 1772
 245 1801
 246 1952
 247 1928
 248 1977
 249 2029
 250 2203
 251 2289
 252 2451
 253 2615
 254 2629
 255 2669
 256 2685
 257 2837
 258 2878
 259 2962
 260 3096
 261 3100
 262 3156
 263 3134
 264 3166
 265 3104
 266 3146
 267 3099
 268 2997
 269 2951
 270 2814
 271 2792
 272 2634
 273 2497
 274 2476
 275 2341
 276 2223
 277 1952
 278 1906
 279 1738
 280 1705
 281 1522
 282 1481
 283 1347
 284 1187
 285 1140
 286 1003
 287 957
 288 769
 289 775
 290 739
 291 683
 292 560
 293 559
 294 457
 295 474
 296 387
 297 409
 298 328
 299 348
 300 284
 301 275
 302 245
 303 205
 304 212
 305 192
 306 176
 307 163
 308 165
 309 165
 310 136
 311 126
 312 110
 313 107
 314 95
 315 116
 316 96
 317 96
 318 94
 319 81
 320 74
 321 84
 322 62
 323 74
 324 59
 325 72
 326 57
 327 42
 328 44
 329 51
 330 38
 331 44
 332 40
 333 39
 334 37
 335 44
 336 45
 337 29
 338 34
 339 34
 340 35
 341 35
 342 24
 343 22
 344 20
 345 22
 346 23
 347 17
 348 20
 349 11
 350 18
 351 17
 352 17
 353 21
 354 9
 355 11
 356 9
 357 25
 358 16
 359 14
 360 8
 361 11
 362 10
 363 8
 364 8
 365 7
 366 6
 367 10
 368 18
 369 4
 370 12
 371 8
 372 6
 373 4
 374 8
 375 5
 376 6
 377 4
 378 8
 379 3
 380 2
 381 3
 382 2
 383 4
 384 2
 385 3
 386 3
 387 3
 388 7
 389 8
 390 3
 391 0
 392 1
 393 3
 394 0
 395 3
 396 2
 397 5
 398 5
 399 1
 400 1
 401 1
 402 0
 403 3
 404 0
 405 0
 406 0
 407 3
 408 0
 409 0
 410 2
 411 2
 412 1
 413 0
 414 3
 415 1
 416 0
 417 1
 418 1
 419 1
 420 0
 421 0
 422 2
 423 0
 424 1
 425 0
 426 1
 427 1
 428 2
 429 1
 430 2
 431 0
 432 1
 433 1
 434 1
 435 0
 436 0
 437 0
 438 0
 439 0
 440 0
 441 0
 442 0
 443 1
 444 1
 445 1
 446 0
 447 0
 448 1
 449 3
 450 0
 451 1
 452 1
 453 0
 454 0
 455 1
 456 0
 457 0
 458 0
 459 0
 460 1
 461 1
 462 1
 463 0
 464 1
 465 1
 466 1
 467 0
 468 0
 469 0
 470 0
 471 1
 472 0
 473 0
 474 0
 475 2
 476 0
 477 0
 478 0
 479 0
 480 1
 481 1
 482 0
 483 1
 484 1
 485 0
 486 0
 487 0
 488 0
 489 0
 490 0
 491 0
 492 1
 493 2
 494 0
 495 0
 496 0
 497 1
 498 0
 499 1
 500 0
 501 1
 502 0
 503 0
 504 0
 505 2
 506 1
 507 0
 508 0
 509 0
 510 0
 511 0
 512 3

