 1 2
 2 2
 3 752
 4 1895
 5 1931
 6 1971
 7 1944
 8 2036
 9 1956
 10 1948
 11 1811
 12 1792
 13 1665
 14 1627
 15 1595
 16 1439
 17 1468
 18 1474
 19 1435
 20 1454
 21 1373
 22 1305
 23 1386
 24 1368
 25 1311
 26 1281
 27 1257
 28 1214
 29 1260
 30 1229
 31 1202
 32 1200
 33 1140
 34 1178
 35 1096
 36 1141
 37 1137
 38 1142
 39 1034
 40 1075
 41 1037
 42 1042
 43 1024
 44 1064
 45 1026
 46 978
 47 962
 48 974
 49 919
 50 939
 51 927
 52 896
 53 910
 54 874
 55 939
 56 884
 57 845
 58 835
 59 842
 60 833
 61 779
 62 812
 63 812
 64 776
 65 765
 66 726
 67 747
 68 783
 69 762
 70 752
 71 742
 72 705
 73 782
 74 666
 75 728
 76 688
 77 710
 78 633
 79 722
 80 706
 81 675
 82 676
 83 648
 84 665
 85 669
 86 690
 87 691
 88 655
 89 643
 90 664
 91 619
 92 606
 93 609
 94 612
 95 557
 96 596
 97 592
 98 616
 99 635
 100 603
 101 484
 102 547
 103 537
 104 552
 105 591
 106 535
 107 562
 108 529
 109 566
 110 524
 111 546
 112 508
 113 547
 114 536
 115 531
 116 464
 117 527
 118 495
 119 502
 120 477
 121 477
 122 492
 123 480
 124 468
 125 467
 126 511
 127 504
 128 491
 129 482
 130 478
 131 489
 132 508
 133 446
 134 449
 135 475
 136 456
 137 493
 138 497
 139 490
 140 472
 141 438
 142 414
 143 500
 144 487
 145 455
 146 463
 147 446
 148 448
 149 438
 150 454
 151 495
 152 460
 153 458
 154 438
 155 485
 156 467
 157 485
 158 487
 159 489
 160 439
 161 455
 162 443
 163 466
 164 508
 165 468
 166 469
 167 479
 168 480
 169 465
 170 473
 171 482
 172 458
 173 498
 174 518
 175 491
 176 493
 177 527
 178 499
 179 536
 180 490
 181 494
 182 563
 183 569
 184 541
 185 511
 186 490
 187 498
 188 533
 189 514
 190 539
 191 535
 192 566
 193 594
 194 551
 195 551
 196 572
 197 632
 198 598
 199 557
 200 591
 201 640
 202 612
 203 635
 204 646
 205 653
 206 619
 207 670
 208 656
 209 649
 210 718
 211 708
 212 677
 213 729
 214 720
 215 738
 216 775
 217 757
 218 813
 219 820
 220 886
 221 806
 222 930
 223 924
 224 961
 225 956
 226 1031
 227 1016
 228 1069
 229 1150
 230 1191
 231 1159
 232 1170
 233 1258
 234 1253
 235 1368
 236 1414
 237 1471
 238 1484
 239 1651
 240 1594
 241 1692
 242 1793
 243 1870
 244 1872
 245 1978
 246 2007
 247 2014
 248 2072
 249 2112
 250 2170
 251 2175
 252 2216
 253 2185
 254 2180
 255 2255
 256 2161
 257 2187
 258 2106
 259 2066
 260 2002
 261 1974
 262 1905
 263 1885
 264 1735
 265 1745
 266 1645
 267 1554
 268 1485
 269 1360
 270 1275
 271 1253
 272 1098
 273 1046
 274 1022
 275 957
 276 796
 277 772
 278 769
 279 708
 280 617
 281 551
 282 505
 283 427
 284 468
 285 420
 286 397
 287 329
 288 317
 289 310
 290 256
 291 283
 292 216
 293 234
 294 201
 295 185
 296 167
 297 177
 298 172
 299 136
 300 147
 301 134
 302 132
 303 112
 304 119
 305 104
 306 110
 307 96
 308 84
 309 80
 310 84
 311 83
 312 62
 313 60
 314 46
 315 50
 316 44
 317 57
 318 55
 319 43
 320 45
 321 43
 322 38
 323 38
 324 40
 325 34
 326 35
 327 30
 328 31
 329 36
 330 19
 331 30
 332 28
 333 32
 334 27
 335 23
 336 19
 337 26
 338 21
 339 13
 340 19
 341 18
 342 18
 343 9
 344 15
 345 14
 346 11
 347 13
 348 10
 349 16
 350 11
 351 9
 352 12
 353 9
 354 7
 355 6
 356 13
 357 8
 358 12
 359 9
 360 7
 361 8
 362 8
 363 6
 364 6
 365 9
 366 4
 367 6
 368 8
 369 10
 370 5
 371 5
 372 4
 373 5
 374 3
 375 5
 376 4
 377 5
 378 9
 379 3
 380 3
 381 3
 382 4
 383 2
 384 4
 385 1
 386 4
 387 0
 388 2
 389 2
 390 0
 391 1
 392 3
 393 0
 394 1
 395 1
 396 0
 397 3
 398 0
 399 1
 400 1
 401 1
 402 2
 403 2
 404 1
 405 1
 406 1
 407 1
 408 2
 409 2
 410 1
 411 0
 412 1
 413 0
 414 3
 415 2
 416 1
 417 2
 418 0
 419 1
 420 2
 421 0
 422 2
 423 0
 424 2
 425 0
 426 0
 427 1
 428 1
 429 1
 430 1
 431 1
 432 1
 433 1
 434 1
 435 0
 436 2
 437 0
 438 1
 439 0
 440 0
 441 0
 442 0
 443 0
 444 0
 445 1
 446 2
 447 0
 448 0
 449 0
 450 0
 451 0
 452 0
 453 0
 454 1
 455 0
 456 0
 457 0
 458 0
 459 0
 460 1
 461 0
 462 0
 463 0
 464 0
 465 0
 466 0
 467 0
 468 0
 469 0
 470 0
 471 0
 472 0
 473 1
 474 0
 475 0
 476 0
 477 0
 478 0
 479 0
 480 0
 481 0
 482 0
 483 0
 484 0
 485 0
 486 0
 487 0
 488 0
 489 0
 490 1
 491 0
 492 0
 493 0
 494 0
 495 1
 496 0
 497 0
 498 0
 499 0
 500 0
 501 0
 502 0
 503 0
 504 2
 505 0
 506 0
 507 0
 508 0
 509 0
 510 0
 511 0
 512 2

