 1 4
 2 3
 3 625
 4 1573
 5 1593
 6 1604
 7 1654
 8 1665
 9 1595
 10 1598
 11 1499
 12 1426
 13 1355
 14 1397
 15 1267
 16 1237
 17 1282
 18 1237
 19 1171
 20 1164
 21 1163
 22 1109
 23 1045
 24 1069
 25 1043
 26 998
 27 1080
 28 1034
 29 988
 30 980
 31 1013
 32 994
 33 983
 34 958
 35 926
 36 980
 37 843
 38 786
 39 819
 40 907
 41 848
 42 800
 43 820
 44 759
 45 815
 46 783
 47 786
 48 778
 49 701
 50 722
 51 701
 52 722
 53 744
 54 688
 55 700
 56 710
 57 692
 58 644
 59 640
 60 650
 61 626
 62 588
 63 668
 64 619
 65 611
 66 625
 67 584
 68 583
 69 601
 70 600
 71 567
 72 572
 73 576
 74 554
 75 560
 76 596
 77 572
 78 542
 79 546
 80 553
 81 532
 82 549
 83 530
 84 513
 85 474
 86 516
 87 531
 88 491
 89 462
 90 486
 91 494
 92 485
 93 448
 94 441
 95 481
 96 458
 97 467
 98 465
 99 469
 100 472
 101 460
 102 448
 103 433
 104 389
 105 460
 106 435
 107 418
 108 403
 109 395
 110 421
 111 396
 112 391
 113 396
 114 389
 115 391
 116 402
 117 416
 118 364
 119 394
 120 391
 121 374
 122 384
 123 364
 124 409
 125 394
 126 362
 127 382
 128 356
 129 370
 130 378
 131 336
 132 378
 133 385
 134 380
 135 368
 136 378
 137 363
 138 389
 139 365
 140 372
 141 366
 142 358
 143 370
 144 375
 145 359
 146 386
 147 361
 148 367
 149 361
 150 374
 151 354
 152 357
 153 359
 154 358
 155 357
 156 361
 157 406
 158 377
 159 363
 160 325
 161 350
 162 343
 163 348
 164 375
 165 408
 166 370
 167 351
 168 351
 169 371
 170 364
 171 398
 172 373
 173 370
 174 404
 175 423
 176 346
 177 372
 178 425
 179 379
 180 389
 181 391
 182 416
 183 411
 184 428
 185 402
 186 426
 187 410
 188 416
 189 405
 190 485
 191 399
 192 444
 193 476
 194 452
 195 471
 196 477
 197 462
 198 470
 199 479
 200 459
 201 498
 202 535
 203 527
 204 487
 205 491
 206 489
 207 567
 208 563
 209 588
 210 611
 211 559
 212 588
 213 613
 214 601
 215 628
 216 651
 217 692
 218 681
 219 703
 220 730
 221 779
 222 794
 223 803
 224 870
 225 820
 226 941
 227 959
 228 925
 229 998
 230 1019
 231 998
 232 1063
 233 1121
 234 1221
 235 1280
 236 1188
 237 1308
 238 1296
 239 1325
 240 1399
 241 1514
 242 1478
 243 1448
 244 1502
 245 1595
 246 1518
 247 1540
 248 1508
 249 1503
 250 1623
 251 1563
 252 1521
 253 1483
 254 1559
 255 1428
 256 1441
 257 1345
 258 1321
 259 1279
 260 1184
 261 1158
 262 1148
 263 1073
 264 1026
 265 934
 266 893
 267 869
 268 715
 269 739
 270 736
 271 637
 272 656
 273 536
 274 524
 275 469
 276 433
 277 373
 278 361
 279 338
 280 297
 281 288
 282 264
 283 261
 284 197
 285 207
 286 201
 287 180
 288 153
 289 144
 290 151
 291 128
 292 125
 293 125
 294 128
 295 99
 296 126
 297 88
 298 100
 299 79
 300 81
 301 69
 302 65
 303 60
 304 75
 305 55
 306 65
 307 50
 308 50
 309 44
 310 43
 311 42
 312 45
 313 42
 314 41
 315 33
 316 24
 317 26
 318 38
 319 37
 320 27
 321 31
 322 26
 323 28
 324 25
 325 19
 326 16
 327 26
 328 33
 329 16
 330 19
 331 18
 332 20
 333 15
 334 13
 335 10
 336 19
 337 5
 338 11
 339 16
 340 11
 341 13
 342 11
 343 9
 344 13
 345 8
 346 4
 347 9
 348 7
 349 7
 350 6
 351 9
 352 7
 353 3
 354 5
 355 4
 356 8
 357 7
 358 6
 359 3
 360 10
 361 0
 362 4
 363 3
 364 3
 365 4
 366 2
 367 2
 368 3
 369 1
 370 4
 371 3
 372 6
 373 1
 374 1
 375 5
 376 3
 377 2
 378 2
 379 3
 380 1
 381 0
 382 1
 383 1
 384 8
 385 2
 386 3
 387 0
 388 3
 389 3
 390 3
 391 1
 392 1
 393 0
 394 1
 395 0
 396 0
 397 2
 398 1
 399 0
 400 0
 401 0
 402 1
 403 2
 404 2
 405 1
 406 3
 407 0
 408 0
 409 0
 410 0
 411 2
 412 0
 413 0
 414 0
 415 2
 416 0
 417 1
 418 1
 419 0
 420 0
 421 1
 422 0
 423 0
 424 1
 425 0
 426 0
 427 1
 428 1
 429 0
 430 1
 431 1
 432 0
 433 0
 434 2
 435 0
 436 0
 437 0
 438 1
 439 0
 440 0
 441 1
 442 0
 443 2
 444 0
 445 0
 446 0
 447 0
 448 0
 449 0
 450 0
 451 0
 452 1
 453 0
 454 0
 455 0
 456 1
 457 0
 458 0
 459 0
 460 1
 461 0
 462 0
 463 0
 464 0
 465 0
 466 0
 467 0
 468 1
 469 0
 470 0
 471 2
 472 0
 473 1
 474 0
 475 0
 476 0
 477 1
 478 0
 479 0
 480 0
 481 0
 482 0
 483 0
 484 1
 485 3
 486 0
 487 0
 488 0
 489 1
 490 0
 491 0
 492 0
 493 0
 494 1
 495 0
 496 1
 497 0
 498 0
 499 0
 500 1
 501 0
 502 0
 503 0
 504 0
 505 0
 506 0
 507 0
 508 0
 509 0
 510 0
 511 0
 512 0

